symbol,date,timestamp,open,high,low,close,volume
VNM,2006-01-19,1137628800,2.767,2.767,2.767,2.767,109350
VNM,2006-01-20,1137715200,2.821,2.874,2.821,2.821,157840
VNM,2006-01-23,1137974400,2.821,2.821,2.742,2.742,81400
VNM,2006-01-24,1138060800,2.742,2.742,2.716,2.716,66000
VNM,2006-01-25,1138147200,2.716,2.767,2.716,2.767,57220
VNM,2006-01-26,1138233600,2.794,2.794,2.794,2.794,18750
VNM,2006-01-27,1138320000,2.767,2.767,2.767,2.767,25630
VNM,2006-02-06,1139184000,2.767,2.767,2.767,2.767,25190
VNM,2006-02-07,1139270400,2.821,2.821,2.821,2.821,138720
VNM,2006-02-08,1139356800,2.874,2.874,2.874,2.874,159300
VNM,2006-02-09,1139443200,2.874,2.874,2.874,2.874,153580
VNM,2006-02-10,1139529600,2.874,2.874,2.821,2.874,128650
VNM,2006-02-13,1139788800,2.874,2.874,2.874,2.874,153670
VNM,2006-02-14,1139875200,2.874,2.874,2.874,2.874,113260
VNM,2006-02-15,1139961600,2.874,2.874,2.846,2.846,132600
VNM,2006-02-16,1140048000,2.874,2.874,2.874,2.874,184290
VNM,2006-02-17,1140134400,2.927,3.002,2.927,3.002,128090
VNM,2006-02-20,1140393600,3.132,3.132,3.132,3.132,62050
VNM,2006-02-21,1140480000,3.289,3.289,3.289,3.289,101970
VNM,2006-02-22,1140566400,3.289,3.394,3.289,3.289,264890
VNM,2006-02-23,1140652800,3.341,3.341,3.341,3.341,130490
VNM,2006-02-24,1140739200,3.369,3.369,3.369,3.369,90480
VNM,2006-02-27,1140998400,3.394,3.422,3.394,3.422,162140
VNM,2006-02-28,1141084800,3.445,3.578,3.445,3.578,164820
VNM,2006-03-01,1141171200,3.708,3.735,3.708,3.708,164480
VNM,2006-03-02,1141257600,3.735,3.758,3.735,3.758,222520
VNM,2006-03-03,1141344000,3.708,3.708,3.578,3.578,227880
VNM,2006-03-06,1141603200,3.578,3.654,3.551,3.654,200050
VNM,2006-03-07,1141689600,3.654,3.654,3.654,3.654,129210
VNM,2006-03-08,1141776000,3.605,3.605,3.551,3.551,163660
VNM,2006-03-09,1141862400,3.578,3.605,3.578,3.578,206310
VNM,2006-03-10,1141948800,3.578,3.605,3.578,3.578,125760
VNM,2006-03-13,1142208000,3.654,3.654,3.654,3.654,257130
VNM,2006-03-14,1142294400,3.681,3.708,3.681,3.708,223540
VNM,2006-03-15,1142380800,3.708,3.708,3.605,3.605,201720
VNM,2006-03-16,1142467200,3.654,3.708,3.654,3.654,171110
VNM,2006-03-17,1142553600,3.654,3.708,3.654,3.708,189800
VNM,2006-03-20,1142812800,3.708,3.758,3.708,3.758,320020
VNM,2006-03-21,1142899200,3.812,3.838,3.812,3.838,266040
VNM,2006-03-22,1142985600,3.838,3.918,3.838,3.838,173010
VNM,2006-03-23,1143072000,3.864,3.889,3.864,3.889,181330
VNM,2006-03-24,1143158400,3.889,3.889,3.864,3.864,137520
VNM,2006-03-27,1143417600,3.889,3.889,3.889,3.889,167410
VNM,2006-03-28,1143504000,3.889,3.889,3.889,3.889,130790
VNM,2006-03-29,1143590400,3.918,3.993,3.918,3.993,284640
VNM,2006-03-30,1143676800,4.179,4.179,4.179,4.179,184200
VNM,2006-03-31,1143763200,4.232,4.279,4.232,4.232,171770
VNM,2006-04-03,1144022400,4.386,4.437,4.386,4.437,259620
VNM,2006-04-04,1144108800,4.437,4.597,4.232,4.232,242500
VNM,2006-04-05,1144195200,4.437,4.437,4.437,4.437,191790
VNM,2006-04-06,1144281600,4.542,4.542,4.542,4.542,234410
VNM,2006-04-07,1144368000,4.647,4.701,4.647,4.701,276750
VNM,2006-04-10,1144627200,4.701,4.78,4.647,4.647,190930
VNM,2006-04-11,1144713600,4.597,4.597,4.518,4.518,152780
VNM,2006-04-12,1144800000,4.597,4.647,4.597,4.647,134540
VNM,2006-04-13,1144886400,4.701,4.752,4.701,4.752,182010
VNM,2006-04-14,1144972800,4.752,4.752,4.701,4.701,135270
VNM,2006-04-17,1145232000,4.701,4.701,4.701,4.701,162080
VNM,2006-04-18,1145318400,4.752,4.752,4.752,4.752,183230
VNM,2006-04-19,1145404800,4.752,4.805,4.752,4.752,195960
VNM,2006-04-20,1145491200,4.752,4.752,4.752,4.752,130410
VNM,2006-04-21,1145577600,4.99,4.99,4.99,4.99,378460
VNM,2006-04-24,1145836800,5.224,5.224,5.224,5.224,202190
VNM,2006-04-25,1145923200,5.327,5.432,5.327,5.327,387490
VNM,2006-04-26,1146009600,5.119,5.119,5.119,5.119,282180
VNM,2006-04-27,1146096000,5.119,5.119,4.881,4.881,371490
VNM,2006-04-28,1146182400,4.881,4.881,4.857,4.881,420830
VNM,2006-05-03,1146614400,5.066,5.066,5.066,5.066,132570
VNM,2006-05-04,1146700800,5.014,5.014,4.961,4.961,217800
VNM,2006-05-05,1146787200,4.961,4.961,4.857,4.857,272950
VNM,2006-05-08,1147046400,4.857,4.857,4.701,4.701,217830
VNM,2006-05-09,1147132800,4.466,4.466,4.466,4.466,421900
VNM,2006-05-10,1147219200,4.256,4.256,4.256,4.256,360820
VNM,2006-05-11,1147305600,4.466,4.466,4.466,4.466,393040
VNM,2006-05-12,1147392000,4.675,4.675,4.675,4.675,60420
VNM,2006-05-15,1147651200,4.881,4.881,4.881,4.881,133080
VNM,2006-05-16,1147737600,4.752,4.752,4.647,4.647,340760
VNM,2006-05-17,1147824000,4.728,4.752,4.728,4.728,191180
VNM,2006-05-18,1147910400,4.675,4.675,4.675,4.675,112310
VNM,2006-05-19,1147996800,4.647,4.647,4.597,4.647,137010
VNM,2006-05-22,1148256000,4.647,4.647,4.597,4.597,122780
VNM,2006-05-23,1148342400,4.491,4.491,4.491,4.491,122020
VNM,2006-05-24,1148428800,4.597,4.701,4.597,4.701,122100
VNM,2006-05-25,1148515200,4.597,4.597,4.542,4.542,127620
VNM,2006-05-26,1148601600,4.597,4.597,4.597,4.597,105180
VNM,2006-05-29,1148860800,4.542,4.542,4.542,4.542,105830
VNM,2006-05-30,1148947200,4.491,4.491,4.491,4.491,227310
VNM,2006-05-31,1149033600,4.597,4.647,4.597,4.647,196540
VNM,2006-06-01,1149120000,4.647,4.647,4.597,4.597,61330
VNM,2006-06-02,1149206400,4.597,4.597,4.597,4.597,63670
VNM,2006-06-05,1149465600,4.647,4.647,4.647,4.647,90560
VNM,2006-06-06,1149552000,4.647,4.675,4.647,4.647,117690
VNM,2006-06-07,1149638400,4.621,4.621,4.597,4.597,67020
VNM,2006-06-08,1149724800,4.597,4.621,4.597,4.621,70020
VNM,2006-06-09,1149811200,4.647,4.675,4.647,4.647,140600
VNM,2006-06-12,1150070400,4.597,4.597,4.597,4.597,29670
VNM,2006-06-13,1150156800,4.597,4.597,4.569,4.569,85330
VNM,2006-06-14,1150243200,4.569,4.569,4.542,4.542,62490
VNM,2006-06-15,1150329600,4.518,4.518,4.518,4.518,54860
VNM,2006-06-16,1150416000,4.437,4.437,4.386,4.386,215160
VNM,2006-06-19,1150675200,4.362,4.362,4.337,4.337,107900
VNM,2006-06-20,1150761600,4.309,4.309,4.179,4.179,143160
VNM,2006-06-21,1150848000,4.074,4.074,4.021,4.021,590790
VNM,2006-06-22,1150934400,4.179,4.202,4.179,4.202,195510
VNM,2006-06-23,1151020800,4.202,4.256,4.179,4.202,168260
VNM,2006-06-26,1151280000,4.179,4.179,4.151,4.151,105820
VNM,2006-06-27,1151366400,4.126,4.126,4.099,4.126,134560
VNM,2006-06-28,1151452800,4.173,4.226,4.173,4.226,93070
VNM,2006-06-29,1151539200,4.226,4.277,4.226,4.277,178890
VNM,2006-06-30,1151625600,4.277,4.277,4.253,4.277,364050
VNM,2006-07-03,1151884800,4.253,4.253,4.226,4.226,53410
VNM,2006-07-04,1151971200,4.201,4.201,4.173,4.173,55320
VNM,2006-07-05,1152057600,4.173,4.173,4.173,4.173,38160
VNM,2006-07-06,1152144000,4.173,4.226,4.148,4.226,43990
VNM,2006-07-07,1152230400,4.226,4.226,4.226,4.226,61580
VNM,2006-07-10,1152489600,4.226,4.226,4.173,4.173,50220
VNM,2006-07-11,1152576000,4.173,4.201,4.173,4.173,74950
VNM,2006-07-12,1152662400,4.173,4.173,4.148,4.148,55640
VNM,2006-07-13,1152748800,4.148,4.148,4.121,4.148,68140
VNM,2006-07-14,1152835200,4.148,4.148,4.148,4.148,43290
VNM,2006-07-17,1153094400,4.067,4.067,4.016,4.067,49640
VNM,2006-07-18,1153180800,4.067,4.067,3.988,3.988,65390
VNM,2006-07-19,1153267200,3.937,3.937,3.832,3.832,170020
VNM,2006-07-20,1153353600,3.832,4.016,3.803,4.016,137880
VNM,2006-07-21,1153440000,4.016,4.042,3.907,3.907,109890
VNM,2006-07-24,1153699200,3.856,3.856,3.832,3.832,121480
VNM,2006-07-25,1153785600,3.724,3.724,3.646,3.646,224750
VNM,2006-07-26,1153872000,3.646,3.698,3.618,3.646,125710
VNM,2006-07-27,1153958400,3.646,3.698,3.646,3.698,123040
VNM,2006-07-28,1154044800,3.698,3.698,3.698,3.698,117800
VNM,2006-07-31,1154304000,3.698,3.698,3.565,3.565,92100
VNM,2006-08-01,1154390400,3.486,3.486,3.433,3.433,161900
VNM,2006-08-02,1154476800,3.433,3.486,3.302,3.486,135090
VNM,2006-08-03,1154563200,3.565,3.646,3.565,3.646,122010
VNM,2006-08-04,1154649600,3.803,3.803,3.803,3.803,231190
VNM,2006-08-07,1154908800,3.803,3.803,3.671,3.671,152230
VNM,2006-08-08,1154995200,3.75,3.803,3.75,3.803,136030
VNM,2006-08-09,1155081600,3.832,3.856,3.832,3.832,135820
VNM,2006-08-10,1155168000,3.832,3.832,3.803,3.832,69590
VNM,2006-08-11,1155254400,3.856,3.907,3.856,3.907,115900
VNM,2006-08-14,1155513600,4.042,4.091,4.042,4.091,178860
VNM,2006-08-15,1155600000,4.091,4.121,4.091,4.091,203640
VNM,2006-08-16,1155686400,4.173,4.277,4.173,4.277,316830
VNM,2006-08-17,1155772800,4.386,4.41,4.386,4.386,349110
VNM,2006-08-18,1155859200,4.386,4.386,4.386,4.386,414570
VNM,2006-08-21,1156118400,4.386,4.386,4.359,4.359,146890
VNM,2006-08-22,1156204800,4.277,4.277,4.253,4.253,326890
VNM,2006-08-23,1156291200,4.253,4.305,4.226,4.305,130680
VNM,2006-08-24,1156377600,4.305,4.359,4.305,4.305,90080
VNM,2006-08-25,1156464000,4.277,4.277,4.277,4.277,92150
VNM,2006-08-28,1156723200,4.277,4.333,4.253,4.333,70440
VNM,2006-08-29,1156809600,4.333,4.359,4.333,4.359,114240
VNM,2006-08-30,1156896000,4.386,4.386,4.386,4.386,147020
VNM,2006-08-31,1156982400,4.386,4.386,4.359,4.359,126760
VNM,2006-09-01,1157068800,4.359,4.359,4.359,4.359,112280
VNM,2006-09-05,1157414400,4.386,4.437,4.386,4.437,196580
VNM,2006-09-06,1157500800,4.437,4.491,4.386,4.386,140680
VNM,2006-09-07,1157587200,4.359,4.359,4.333,4.359,53540
VNM,2006-09-08,1157673600,4.359,4.359,4.333,4.359,108490
VNM,2006-09-11,1157932800,4.359,4.359,4.333,4.333,69280
VNM,2006-09-12,1158019200,4.277,4.277,4.277,4.277,90600
VNM,2006-09-13,1158105600,4.277,4.305,4.226,4.305,50360
VNM,2006-09-14,1158192000,4.305,4.305,4.253,4.253,86840
VNM,2006-09-15,1158278400,4.277,4.277,4.277,4.277,59480
VNM,2006-09-18,1158537600,4.277,4.305,4.277,4.305,55650
VNM,2006-09-19,1158624000,4.386,4.386,4.386,4.386,157050
VNM,2006-09-20,1158710400,4.386,4.437,4.359,4.359,129200
VNM,2006-09-21,1158796800,4.359,4.359,4.333,4.333,38600
VNM,2006-09-22,1158883200,4.333,4.333,4.333,4.333,59750
VNM,2006-09-25,1159142400,4.333,4.333,4.333,4.333,82260
VNM,2006-09-26,1159228800,4.333,4.359,4.333,4.359,123560
VNM,2006-09-27,1159315200,4.359,4.386,4.359,4.359,111160
VNM,2006-09-28,1159401600,4.359,4.386,4.359,4.386,86250
VNM,2006-09-29,1159488000,4.386,4.437,4.386,4.386,256120
VNM,2006-10-02,1159747200,4.386,4.386,4.359,4.359,136240
VNM,2006-10-03,1159833600,4.386,4.386,4.386,4.386,178730
VNM,2006-10-04,1159920000,4.386,4.386,4.386,4.386,191980
VNM,2006-10-05,1160006400,4.386,4.41,4.386,4.386,142790
VNM,2006-10-06,1160092800,4.386,4.386,4.386,4.386,49980
VNM,2006-10-09,1160352000,4.386,4.386,4.333,4.333,92120
VNM,2006-10-10,1160438400,4.277,4.277,4.253,4.277,130190
VNM,2006-10-11,1160524800,4.226,4.226,4.226,4.226,128580
VNM,2006-10-12,1160611200,4.226,4.226,4.226,4.226,118920
VNM,2006-10-13,1160697600,4.226,4.305,4.226,4.305,87800
VNM,2006-10-16,1160956800,4.305,4.333,4.305,4.333,186630
VNM,2006-10-17,1161043200,4.333,4.333,4.333,4.333,378360
VNM,2006-10-18,1161129600,4.359,4.386,4.359,4.359,165890
VNM,2006-10-19,1161216000,4.359,4.359,4.333,4.359,102510
VNM,2006-10-20,1161302400,4.386,4.386,4.386,4.386,178250
VNM,2006-10-23,1161561600,4.386,4.386,4.359,4.359,79210
VNM,2006-10-24,1161648000,4.359,4.359,4.359,4.359,108650
VNM,2006-10-25,1161734400,4.359,4.359,4.359,4.359,110820
VNM,2006-10-26,1161820800,4.333,4.333,4.333,4.333,74050
VNM,2006-10-27,1161907200,4.305,4.305,4.305,4.305,57150
VNM,2006-10-30,1162166400,4.277,4.277,4.226,4.253,106850
VNM,2006-10-31,1162252800,4.226,4.226,4.173,4.226,126780
VNM,2006-11-01,1162339200,4.277,4.333,4.277,4.333,88780
VNM,2006-11-02,1162425600,4.333,4.333,4.277,4.277,63110
VNM,2006-11-03,1162512000,4.253,4.253,4.253,4.253,17410
VNM,2006-11-06,1162771200,4.253,4.277,4.253,4.277,30020
VNM,2006-11-07,1162857600,4.277,4.277,4.277,4.277,41630
VNM,2006-11-08,1162944000,4.305,4.333,4.305,4.333,147980
VNM,2006-11-09,1163030400,4.333,4.333,4.333,4.333,135820
VNM,2006-11-10,1163116800,4.386,4.41,4.386,4.386,222840
VNM,2006-11-13,1163376000,4.386,4.386,4.386,4.386,187680
VNM,2006-11-14,1163462400,4.597,4.597,4.597,4.597,227990
VNM,2006-11-15,1163548800,4.807,4.807,4.807,4.807,322310
VNM,2006-11-16,1163635200,4.78,4.78,4.728,4.78,621760
VNM,2006-11-17,1163721600,4.807,4.964,4.807,4.964,459230
VNM,2006-11-20,1163980800,5.125,5.205,5.125,5.125,563440
VNM,2006-11-21,1164067200,5.257,5.334,5.257,5.334,485920
VNM,2006-11-22,1164153600,5.334,5.39,5.334,5.39,392360
VNM,2006-11-23,1164240000,5.652,5.652,5.652,5.652,441920
VNM,2006-11-24,1164326400,5.915,5.915,5.915,5.915,582230
VNM,2006-11-27,1164585600,5.915,6.18,5.652,5.652,227280
VNM,2006-11-28,1164672000,5.652,5.707,5.548,5.548,473350
VNM,2006-11-29,1164758400,5.334,5.334,5.281,5.334,364480
VNM,2006-11-30,1164844800,5.334,5.599,5.334,5.599,178150
VNM,2006-12-01,1164931200,5.599,5.599,5.548,5.548,188410
VNM,2006-12-04,1165190400,5.599,5.703,5.599,5.703,256710
VNM,2006-12-05,1165276800,5.759,5.81,5.759,5.81,180310
VNM,2006-12-06,1165363200,6.023,6.074,6.023,6.074,515800
VNM,2006-12-07,1165449600,6.336,6.336,6.336,6.336,204350
VNM,2006-12-08,1165536000,6.657,6.657,6.657,6.657,107230
VNM,2006-12-11,1165795200,6.973,6.973,6.973,6.973,129570
VNM,2006-12-12,1165881600,7.024,7.288,7.024,7.024,518940
VNM,2006-12-13,1165968000,7.341,7.341,7.341,7.341,716990
VNM,2006-12-14,1166054400,7.341,7.657,7.341,7.341,687590
VNM,2006-12-15,1166140800,7.341,7.341,7.185,7.185,315520
VNM,2006-12-18,1166400000,7.185,7.185,6.868,6.92,508320
VNM,2006-12-19,1166486400,6.817,6.973,6.817,6.973,394200
VNM,2006-12-20,1166572800,7.079,7.185,7.079,7.079,377920
VNM,2006-12-21,1166659200,7.079,7.079,6.762,6.762,428770
VNM,2006-12-22,1166745600,6.445,6.445,6.445,6.445,178830
VNM,2006-12-25,1167004800,6.336,6.336,6.129,6.336,534840
VNM,2006-12-26,1167091200,6.336,6.603,6.233,6.603,358820
VNM,2006-12-27,1167177600,6.603,6.762,6.336,6.336,220640
VNM,2006-12-28,1167264000,6.55,6.603,6.55,6.55,325280
VNM,2006-12-29,1167350400,6.55,6.603,6.55,6.603,145970
VNM,2007-01-02,1167696000,6.603,6.657,6.603,6.603,203280
VNM,2007-01-03,1167782400,6.814,6.92,6.814,6.92,246270
VNM,2007-01-04,1167868800,7.237,7.237,7.237,7.237,639430
VNM,2007-01-05,1167955200,7.556,7.556,7.556,7.556,632890
VNM,2007-01-08,1168214400,7.556,7.924,7.556,7.556,651110
VNM,2007-01-09,1168300800,7.924,7.924,7.924,7.924,439530
VNM,2007-01-10,1168387200,8.292,8.292,8.292,8.292,329410
VNM,2007-01-11,1168473600,8.663,8.663,8.663,8.663,283110
VNM,2007-01-12,1168560000,9.083,9.083,9.083,9.083,452040
VNM,2007-01-15,1168819200,9.511,9.511,9.511,9.511,280140
VNM,2007-01-16,1168905600,9.983,9.983,9.983,9.983,210990
VNM,2007-01-17,1168992000,9.983,10.458,9.511,9.511,746180
VNM,2007-01-18,1169078400,9.511,9.772,9.033,9.772,1006310
VNM,2007-01-19,1169164800,10.248,10.248,10.248,10.248,849060
VNM,2007-01-22,1169424000,10.248,10.62,9.772,9.772,478710
VNM,2007-01-23,1169510400,9.772,9.772,9.772,9.772,562420
VNM,2007-01-24,1169596800,9.772,9.772,9.298,9.298,393000
VNM,2007-01-25,1169683200,8.875,8.875,8.875,8.875,346630
VNM,2007-01-26,1169769600,8.451,8.451,8.451,8.451,1281380
VNM,2007-01-29,1170028800,8.824,8.875,8.824,8.875,458160
VNM,2007-01-30,1170115200,9.298,9.298,9.298,9.298,176850
VNM,2007-01-31,1170201600,9.734,9.734,9.734,9.734,313460
VNM,2007-02-01,1170288000,10.178,10.178,10.178,10.178,1619550
VNM,2007-02-02,1170374400,10.68,10.68,10.68,10.68,623160
VNM,2007-02-05,1170633600,10.68,10.736,10.178,10.178,569920
VNM,2007-02-06,1170720000,10.458,10.68,10.458,10.68,264770
VNM,2007-02-07,1170806400,10.68,11.123,10.68,11.123,384400
VNM,2007-02-08,1170892800,10.569,10.569,10.569,10.569,131790
VNM,2007-02-09,1170979200,10.067,10.067,10.067,10.067,165450
VNM,2007-02-12,1171238400,10.067,10.458,10.067,10.458,583280
VNM,2007-02-13,1171324800,10.959,10.959,10.959,10.959,561220
VNM,2007-02-14,1171411200,10.846,10.846,10.626,10.626,128220
VNM,2007-02-15,1171497600,10.626,10.736,10.178,10.736,455620
VNM,2007-02-26,1172448000,11.235,11.235,11.235,11.235,660320
VNM,2007-02-27,1172534400,11.79,11.79,11.79,11.79,255800
VNM,2007-02-28,1172620800,11.404,11.404,11.235,11.235,389060
VNM,2007-03-01,1172707200,11.238,11.681,10.959,11.012,387460
VNM,2007-03-02,1172793600,11.012,11.123,11.012,11.123,346450
VNM,2007-03-05,1173052800,11.123,11.235,11.123,11.235,464150
VNM,2007-03-06,1173139200,10.846,10.846,10.68,10.846,802040
VNM,2007-03-07,1173225600,10.68,10.68,10.513,10.513,526470
VNM,2007-03-08,1173312000,10.513,10.846,10.513,10.569,466100
VNM,2007-03-09,1173398400,10.846,11.068,10.846,10.846,209610
VNM,2007-03-12,1173657600,11.012,11.123,11.012,11.012,190230
VNM,2007-03-13,1173744000,11.012,11.012,10.569,10.569,278110
VNM,2007-03-14,1173830400,10.569,10.569,10.067,10.346,227810
VNM,2007-03-15,1173916800,10.346,10.346,9.845,9.845,307740
VNM,2007-03-16,1174003200,10.289,10.289,10.289,10.289,84890
VNM,2007-03-19,1174262400,10.626,10.68,10.626,10.68,246400
VNM,2007-03-20,1174348800,10.569,10.569,10.292,10.403,204210
VNM,2007-03-21,1174435200,10.346,10.346,10.292,10.346,239740
VNM,2007-03-22,1174521600,10.123,10.123,10.012,10.012,188980
VNM,2007-03-23,1174608000,10.012,10.123,10.012,10.012,175360
VNM,2007-03-26,1174867200,10.012,10.012,9.791,10.012,229240
VNM,2007-03-27,1174953600,10.012,10.123,10.012,10.012,242890
VNM,2007-03-28,1175040000,9.902,9.902,9.791,9.902,186060
VNM,2007-03-29,1175126400,10.012,10.289,10.012,10.289,214910
VNM,2007-03-30,1175212800,10.289,10.289,10.234,10.234,266500
VNM,2007-04-02,1175472000,10.012,10.234,10.012,10.012,118610
VNM,2007-04-03,1175558400,9.791,9.791,9.791,9.791,89630
VNM,2007-04-04,1175644800,9.791,10.178,9.791,10.178,98280
VNM,2007-04-05,1175731200,10.178,10.289,10.178,10.178,220230
VNM,2007-04-06,1175817600,10.012,10.012,10.012,10.012,46670
VNM,2007-04-09,1176076800,9.957,10.012,9.957,9.957,21600
VNM,2007-04-10,1176163200,9.957,10.012,9.957,10.012,89150
VNM,2007-04-11,1176249600,10.012,10.012,10.012,10.012,83730
VNM,2007-04-12,1176336000,9.957,10.012,9.845,9.957,117460
VNM,2007-04-13,1176422400,9.902,9.957,9.902,9.902,161730
VNM,2007-04-16,1176681600,9.458,9.734,9.458,9.458,165380
VNM,2007-04-17,1176768000,9.458,9.514,9.458,9.514,175340
VNM,2007-04-18,1176854400,9.734,9.957,9.734,9.957,85620
VNM,2007-04-19,1176940800,9.957,10.012,9.957,9.957,201700
VNM,2007-04-20,1177027200,9.569,9.902,9.569,9.569,183990
VNM,2007-04-23,1177286400,9.398,9.514,9.398,9.398,232660
VNM,2007-04-24,1177372800,8.956,9.178,8.956,8.956,193310
VNM,2007-04-25,1177459200,8.956,9.398,8.956,9.398,248610
VNM,2007-05-02,1178064000,9.458,9.791,9.458,9.791,238770
VNM,2007-05-03,1178150400,9.791,9.957,9.791,9.791,260700
VNM,2007-05-04,1178236800,9.957,10.012,9.957,10.012,220510
VNM,2007-05-07,1178496000,10.346,10.513,10.346,10.458,323040
VNM,2007-05-08,1178582400,10.791,10.901,10.791,10.791,399770
VNM,2007-05-09,1178668800,10.791,10.901,10.791,10.791,465430
VNM,2007-05-10,1178755200,10.68,10.791,10.68,10.68,210130
VNM,2007-05-11,1178841600,10.458,10.513,10.458,10.458,133620
VNM,2007-05-14,1179100800,10.346,10.458,10.346,10.346,182020
VNM,2007-05-15,1179187200,10.178,10.458,10.178,10.178,220620
VNM,2007-05-16,1179273600,9.845,10.012,9.845,9.845,380320
VNM,2007-05-17,1179360000,10.067,10.289,10.067,10.289,188690
VNM,2007-05-18,1179446400,10.289,10.569,10.289,10.569,160590
VNM,2007-05-21,1179705600,10.569,10.626,10.569,10.626,228820
VNM,2007-05-22,1179792000,10.626,10.68,10.626,10.68,280050
VNM,2007-05-23,1179878400,10.68,10.736,10.68,10.736,335350
VNM,2007-05-24,1179964800,10.458,10.569,10.458,10.458,63010
VNM,2007-05-25,1180051200,10.346,10.346,10.292,10.346,144660
VNM,2007-05-28,1180310400,10.458,10.846,10.458,10.458,186670
VNM,2007-05-29,1180396800,10.458,10.458,10.458,10.458,118270
VNM,2007-05-30,1180483200,10.289,10.343,10.289,10.289,90730
VNM,2007-05-31,1180569600,10.289,10.458,10.289,10.289,176510
VNM,2007-06-01,1180656000,10.458,10.458,10.458,10.458,175210
VNM,2007-06-04,1180915200,10.458,10.458,10.458,10.458,132720
VNM,2007-06-05,1181001600,10.458,10.458,10.289,10.289,80530
VNM,2007-06-06,1181088000,10.234,10.234,10.123,10.234,142080
VNM,2007-06-07,1181174400,10.234,10.234,10.012,10.234,118920
VNM,2007-06-08,1181260800,10.234,10.458,10.067,10.458,158090
VNM,2007-06-11,1181520000,10.234,10.234,10.012,10.234,102410
VNM,2007-06-12,1181606400,10.178,10.178,9.957,10.178,109220
VNM,2007-06-13,1181692800,10.289,10.289,10.289,10.289,72890
VNM,2007-06-14,1181779200,10.289,10.289,10.289,10.289,120210
VNM,2007-06-15,1181865600,10.292,10.346,10.292,10.346,140170
VNM,2007-06-18,1182124800,10.346,10.346,10.012,10.346,275040
VNM,2007-06-19,1182211200,10.343,10.343,10.289,10.289,122990
VNM,2007-06-20,1182297600,10.289,10.289,10.178,10.178,74050
VNM,2007-06-21,1182384000,10.123,10.123,10.067,10.123,75870
VNM,2007-06-22,1182470400,10.123,10.289,10.123,10.234,105360
VNM,2007-06-25,1182729600,10.234,10.346,10.234,10.234,88810
VNM,2007-06-26,1182816000,10.234,10.289,10.234,10.234,89890
VNM,2007-06-27,1182902400,10.234,10.234,10.012,10.012,166410
VNM,2007-06-28,1182988800,10.012,10.012,9.957,10.012,82870
VNM,2007-06-29,1183075200,10.012,10.012,10.012,10.012,65620
VNM,2007-07-02,1183334400,9.902,9.902,9.734,9.734,78840
VNM,2007-07-03,1183420800,9.569,9.569,9.458,9.514,153330
VNM,2007-07-04,1183507200,9.845,9.957,9.845,9.957,28390
VNM,2007-07-05,1183593600,10.012,10.178,10.012,10.178,307040
VNM,2007-07-06,1183680000,10.067,10.067,9.957,10.012,159250
VNM,2007-07-09,1183939200,10.012,10.012,9.902,10.012,148220
VNM,2007-07-10,1184025600,10.178,10.178,10.178,10.178,108210
VNM,2007-07-11,1184112000,10.178,10.178,10.178,10.178,100490
VNM,2007-07-12,1184198400,10.123,10.123,10.067,10.123,48520
VNM,2007-07-13,1184284800,10.067,10.067,10.012,10.012,59480
VNM,2007-07-16,1184544000,10.012,10.012,9.902,9.957,126740
VNM,2007-07-17,1184630400,9.902,9.902,9.902,9.902,129760
VNM,2007-07-18,1184716800,9.902,9.902,9.902,9.902,58160
VNM,2007-07-19,1184803200,9.902,9.902,9.845,9.845,47610
VNM,2007-07-20,1184889600,9.791,9.791,9.791,9.791,18340
VNM,2007-07-23,1185148800,9.791,9.902,9.624,9.902,58360
VNM,2007-07-24,1185235200,9.902,10.012,9.902,10.012,138480
VNM,2007-07-25,1185321600,10.012,10.012,9.902,10.012,140080
VNM,2007-07-26,1185408000,10.012,10.012,9.902,9.902,75290
VNM,2007-07-27,1185494400,9.791,9.791,9.569,9.569,58010
VNM,2007-07-30,1185753600,9.569,9.902,9.569,9.845,91880
VNM,2007-07-31,1185840000,9.845,9.902,9.398,9.902,177480
VNM,2007-08-01,1185926400,9.902,9.902,9.734,9.845,194280
VNM,2007-08-02,1186012800,9.734,9.734,9.68,9.734,98310
VNM,2007-08-03,1186099200,9.68,9.68,9.569,9.569,60620
VNM,2007-08-06,1186358400,9.624,9.624,9.458,9.458,41750
VNM,2007-08-07,1186444800,9.458,9.569,9.178,9.178,122520
VNM,2007-08-08,1186531200,9.178,9.458,9.178,9.288,116730
VNM,2007-08-09,1186617600,9.569,9.624,9.569,9.569,77200
VNM,2007-08-10,1186704000,9.569,9.569,9.344,9.569,70360
VNM,2007-08-13,1186963200,9.458,9.458,9.344,9.344,82070
VNM,2007-08-14,1187049600,9.344,9.454,9.344,9.398,97410
VNM,2007-08-15,1187136000,9.398,9.398,9.288,9.344,105970
VNM,2007-08-16,1187222400,9.233,9.344,9.178,9.178,153860
VNM,2007-08-17,1187308800,9.178,9.178,9.067,9.122,129510
VNM,2007-08-20,1187568000,8.9,9.067,8.9,9.067,180820
VNM,2007-08-21,1187654400,9.067,9.178,9.067,9.178,117870
VNM,2007-08-22,1187740800,9.233,9.347,9.122,9.122,135660
VNM,2007-08-23,1187827200,9.122,9.122,9.067,9.122,37520
VNM,2007-08-24,1187913600,9.178,9.178,9.122,9.122,74860
VNM,2007-08-27,1188172800,9.067,9.178,9.067,9.178,116230
VNM,2007-08-28,1188259200,9.067,9.122,9.012,9.067,120650
VNM,2007-08-29,1188345600,9.012,9.012,8.956,9.012,72550
VNM,2007-08-30,1188432000,8.956,9.012,8.9,9.012,210440
VNM,2007-08-31,1188518400,9.012,9.012,8.9,8.9,285630
VNM,2007-09-04,1188864000,8.956,9.122,8.956,9.122,228820
VNM,2007-09-05,1188950400,9.122,9.122,8.845,8.845,243060
VNM,2007-09-06,1189036800,8.845,8.956,8.845,8.9,125960
VNM,2007-09-07,1189123200,8.956,9.012,8.956,9.012,176010
VNM,2007-09-10,1189382400,9.067,9.067,8.9,8.9,107400
VNM,2007-09-11,1189468800,8.956,9.012,8.9,8.956,46810
VNM,2007-09-12,1189555200,9.012,9.067,8.956,8.956,71030
VNM,2007-09-13,1189641600,8.956,9.012,8.956,9.012,35010
VNM,2007-09-14,1189728000,9.067,9.178,9.012,9.178,175130
VNM,2007-09-17,1189987200,9.178,9.233,9.122,9.233,106560
VNM,2007-09-18,1190073600,9.178,9.233,9.122,9.233,83590
VNM,2007-09-19,1190160000,9.288,9.288,9.178,9.233,102640
VNM,2007-09-20,1190246400,9.288,9.344,9.233,9.344,97500
VNM,2007-09-21,1190332800,9.288,9.344,9.178,9.233,71420
VNM,2007-09-24,1190592000,9.233,9.344,9.178,9.344,101360
VNM,2007-09-25,1190678400,9.569,9.734,9.458,9.734,277700
VNM,2007-09-26,1190764800,9.734,9.902,9.569,9.624,63920
VNM,2007-09-27,1190851200,9.902,9.902,9.624,9.68,151670
VNM,2007-09-28,1190937600,9.845,10.123,9.68,10.123,293400
VNM,2007-10-01,1191196800,10.123,10.626,9.957,10.626,454320
VNM,2007-10-02,1191283200,10.846,10.846,10.123,10.846,417320
VNM,2007-10-03,1191369600,10.846,11.123,10.68,11.012,271790
VNM,2007-10-04,1191456000,11.123,11.123,10.626,10.626,344030
VNM,2007-10-05,1191542400,10.458,10.626,10.346,10.403,170330
VNM,2007-10-08,1191801600,10.403,10.513,10.346,10.403,74250
VNM,2007-10-09,1191888000,10.403,10.513,10.403,10.513,83140
VNM,2007-10-10,1191974400,10.901,10.901,10.68,10.791,181920
VNM,2007-10-11,1192060800,10.68,10.736,10.626,10.626,58850
VNM,2007-10-12,1192147200,10.68,10.846,10.569,10.846,149030
VNM,2007-10-15,1192406400,10.846,10.846,10.736,10.791,29500
VNM,2007-10-16,1192492800,10.791,10.846,10.626,10.791,57050
VNM,2007-10-17,1192579200,10.569,10.736,10.569,10.736,21320
VNM,2007-10-18,1192665600,10.736,10.791,10.626,10.791,134820
VNM,2007-10-19,1192752000,10.458,10.569,10.458,10.569,80890
VNM,2007-10-22,1193011200,10.569,10.569,10.289,10.289,103380
VNM,2007-10-23,1193097600,10.292,10.791,10.012,10.123,218200
VNM,2007-10-24,1193184000,10.067,10.458,10.067,10.458,80030
VNM,2007-10-25,1193270400,10.513,10.513,10.178,10.458,98710
VNM,2007-10-26,1193356800,10.458,10.569,10.458,10.569,61180
VNM,2007-10-29,1193616000,10.234,10.513,10.067,10.067,134250
VNM,2007-10-30,1193702400,10.178,10.513,10.178,10.513,214790
VNM,2007-10-31,1193788800,10.178,10.403,10.178,10.234,71900
VNM,2007-11-01,1193875200,10.234,10.289,10.067,10.234,109230
VNM,2007-11-02,1193961600,10.569,10.569,10.346,10.346,116140
VNM,2007-11-05,1194220800,9.845,10.234,9.845,9.902,309820
VNM,2007-11-06,1194307200,9.902,10.012,9.791,9.791,115160
VNM,2007-11-07,1194393600,10.012,10.012,9.902,9.902,49680
VNM,2007-11-08,1194480000,10.012,10.012,9.957,10.012,16150
VNM,2007-11-09,1194566400,9.902,10.012,9.845,10.012,44670
VNM,2007-11-12,1194825600,10.012,10.012,9.902,9.902,67980
VNM,2007-11-13,1194912000,9.734,9.734,9.458,9.458,94980
VNM,2007-11-14,1194998400,9.458,9.734,9.178,9.178,464180
VNM,2007-11-15,1195084800,9.624,9.624,9.514,9.624,76390
VNM,2007-11-16,1195171200,9.734,9.734,9.68,9.734,55270
VNM,2007-11-19,1195430400,9.734,9.902,9.734,9.902,64370
VNM,2007-11-20,1195516800,9.569,9.734,9.569,9.624,129990
VNM,2007-11-21,1195603200,9.514,9.624,9.458,9.458,67560
VNM,2007-11-22,1195689600,9.514,9.514,9.458,9.458,155290
VNM,2007-11-23,1195776000,9.514,9.514,9.401,9.458,86180
VNM,2007-11-26,1196035200,9.458,9.624,9.398,9.569,52680
VNM,2007-11-27,1196121600,9.734,9.734,9.624,9.68,225130
VNM,2007-11-28,1196208000,9.624,9.68,9.458,9.458,129280
VNM,2007-11-29,1196294400,9.398,9.569,9.398,9.398,127600
VNM,2007-11-30,1196380800,9.178,9.401,9.178,9.233,287810
VNM,2007-12-03,1196640000,9.233,9.624,9.233,9.624,68250
VNM,2007-12-04,1196726400,9.624,9.68,9.569,9.624,83130
VNM,2007-12-05,1196812800,9.514,9.514,9.458,9.458,21380
VNM,2007-12-06,1196899200,9.398,9.569,9.344,9.569,165040
VNM,2007-12-07,1196985600,9.458,9.569,9.458,9.514,33870
VNM,2007-12-10,1197244800,9.458,9.514,9.344,9.458,24290
VNM,2007-12-11,1197331200,9.458,9.458,9.288,9.288,20810
VNM,2007-12-12,1197417600,9.233,9.398,9.233,9.288,108660
VNM,2007-12-13,1197504000,9.288,9.288,9.233,9.233,40510
VNM,2007-12-14,1197590400,9.122,9.233,9.067,9.067,98860
VNM,2007-12-17,1197849600,9.067,9.178,9.012,9.067,88160
VNM,2007-12-18,1197936000,9.012,9.178,9.012,9.178,76480
VNM,2007-12-19,1198022400,9.401,9.458,9.344,9.458,55480
VNM,2007-12-20,1198108800,9.398,9.398,9.288,9.288,45490
VNM,2007-12-21,1198195200,9.398,9.398,9.288,9.398,68270
VNM,2007-12-24,1198454400,9.398,9.458,9.344,9.344,33640
VNM,2007-12-25,1198540800,9.344,9.398,9.288,9.344,36590
VNM,2007-12-26,1198627200,9.398,9.398,9.288,9.398,33860
VNM,2007-12-27,1198713600,9.178,9.344,9.178,9.288,20350
VNM,2007-12-28,1198800000,9.178,9.233,9.178,9.233,63220
VNM,2008-01-02,1199232000,9.178,9.233,9.178,9.178,41550
VNM,2008-01-03,1199318400,9.178,9.233,9.122,9.122,128280
VNM,2008-01-04,1199404800,9.012,9.067,9.012,9.012,98260
VNM,2008-01-07,1199664000,9.233,9.233,9.067,9.233,84440
VNM,2008-01-08,1199750400,9.344,9.344,9.122,9.233,39660
VNM,2008-01-09,1199836800,9.178,9.178,9.067,9.067,21300
VNM,2008-01-10,1199923200,8.678,8.9,8.622,8.622,201610
VNM,2008-01-11,1200009600,8.845,8.956,8.733,8.733,60840
VNM,2008-01-14,1200268800,8.9,8.9,8.678,8.678,58930
VNM,2008-01-15,1200355200,8.513,8.513,8.287,8.287,87910
VNM,2008-01-16,1200441600,8.678,8.678,8.622,8.678,257260
VNM,2008-01-17,1200528000,8.678,8.678,8.399,8.399,177790
VNM,2008-01-18,1200614400,8.399,8.568,8.399,8.513,37410
VNM,2008-01-21,1200873600,8.568,8.568,8.342,8.342,40040
VNM,2008-01-22,1200960000,8.01,8.121,7.955,7.955,244440
VNM,2008-01-23,1201046400,7.566,7.566,7.566,7.566,177470
VNM,2008-01-24,1201132800,7.562,7.733,7.231,7.231,151700
VNM,2008-01-25,1201219200,7.399,7.566,7.065,7.566,95270
VNM,2008-01-28,1201478400,7.678,7.678,7.623,7.678,187010
VNM,2008-01-29,1201564800,7.733,7.955,7.678,7.955,173310
VNM,2008-01-30,1201651200,8.342,8.342,7.566,7.566,410600
VNM,2008-01-31,1201737600,7.787,7.9,7.733,7.9,360200
VNM,2008-02-01,1201824000,8.177,8.177,8.01,8.064,140300
VNM,2008-02-12,1202774400,7.9,7.955,7.733,7.787,41680
VNM,2008-02-13,1202860800,7.623,7.678,7.566,7.566,209290
VNM,2008-02-14,1202947200,7.678,7.733,7.623,7.678,100760
VNM,2008-02-15,1203033600,7.678,7.678,7.566,7.623,49070
VNM,2008-02-18,1203292800,7.341,7.509,7.285,7.285,148390
VNM,2008-02-19,1203379200,7.119,7.341,7.119,7.285,75200
VNM,2008-02-20,1203465600,7.007,7.341,7.007,7.007,102790
VNM,2008-02-21,1203552000,6.675,6.731,6.675,6.675,282580
VNM,2008-02-22,1203638400,6.34,6.396,6.34,6.34,355990
VNM,2008-02-25,1203897600,6.617,6.617,6.617,6.617,84320
VNM,2008-02-26,1203984000,6.898,6.898,6.672,6.731,300830
VNM,2008-02-27,1204070400,6.675,6.954,6.675,6.954,107570
VNM,2008-02-28,1204156800,6.789,6.789,6.731,6.789,96730
VNM,2008-02-29,1204243200,6.617,6.672,6.509,6.509,147470
VNM,2008-03-03,1204502400,6.34,6.396,6.23,6.23,135720
VNM,2008-03-04,1204588800,5.952,6.009,5.952,5.952,145300
VNM,2008-03-05,1204675200,5.672,5.73,5.672,5.672,196540
VNM,2008-03-06,1204761600,5.952,5.952,5.952,5.952,25050
VNM,2008-03-07,1204848000,6.23,6.23,6.23,6.23,21920
VNM,2008-03-10,1205107200,6.509,6.509,6.509,6.509,125410
VNM,2008-03-11,1205193600,6.672,6.672,6.509,6.562,209560
VNM,2008-03-12,1205280000,6.562,6.789,6.562,6.675,136040
VNM,2008-03-13,1205366400,6.898,6.898,6.731,6.789,174240
VNM,2008-03-14,1205452800,6.789,6.898,6.672,6.843,137840
VNM,2008-03-17,1205712000,6.567,6.672,6.509,6.509,129340
VNM,2008-03-18,1205798400,6.23,6.286,6.23,6.23,106430
VNM,2008-03-19,1205884800,6.286,6.509,6.23,6.34,84530
VNM,2008-03-20,1205971200,6.396,6.562,6.34,6.562,81790
VNM,2008-03-21,1206057600,6.451,6.509,6.286,6.286,96350
VNM,2008-03-24,1206316800,6.009,6.063,6.009,6.009,181500
VNM,2008-03-25,1206403200,5.73,5.73,5.73,5.73,146310
VNM,2008-03-26,1206489600,5.73,6.009,5.73,5.898,208750
VNM,2008-03-27,1206576000,5.952,5.952,5.952,5.952,6830
VNM,2008-03-28,1206662400,6.009,6.009,6.009,6.009,50560
VNM,2008-03-31,1206921600,6.063,6.063,6.063,6.063,23230
VNM,2008-04-01,1207008000,6.119,6.119,6.119,6.119,800
VNM,2008-04-02,1207094400,6.174,6.174,6.174,6.174,5380
VNM,2008-04-03,1207180800,6.23,6.23,6.23,6.23,1300
VNM,2008-04-04,1207267200,6.286,6.286,6.286,6.286,5400
VNM,2008-04-07,1207526400,6.396,6.396,6.396,6.396,2400
VNM,2008-04-08,1207612800,6.509,6.509,6.509,6.509,139800
VNM,2008-04-09,1207699200,6.617,6.617,6.617,6.617,136790
VNM,2008-04-10,1207785600,6.731,6.731,6.617,6.731,527120
VNM,2008-04-11,1207872000,6.729,6.843,6.672,6.843,208280
VNM,2008-04-16,1208304000,6.731,6.789,6.731,6.731,114320
VNM,2008-04-17,1208390400,6.617,6.843,6.617,6.843,86990
VNM,2008-04-18,1208476800,6.954,6.954,6.954,6.954,221110
VNM,2008-04-21,1208736000,7.068,7.068,7.068,7.068,50760
VNM,2008-04-22,1208822400,7.179,7.179,7.123,7.179,121310
VNM,2008-04-23,1208908800,7.235,7.235,7.068,7.068,189200
VNM,2008-04-24,1208995200,7.007,7.179,6.954,7.179,64510
VNM,2008-04-25,1209081600,7.235,7.288,7.179,7.288,57160
VNM,2008-04-28,1209340800,7.288,7.405,7.288,7.405,64040
VNM,2008-04-29,1209427200,7.515,7.515,7.515,7.515,40040
VNM,2008-05-05,1209945600,7.63,7.63,7.63,7.63,208760
VNM,2008-05-06,1210032000,7.683,7.739,7.63,7.739,181970
VNM,2008-05-07,1210118400,7.852,7.852,7.63,7.63,80640
VNM,2008-05-08,1210204800,7.515,7.515,7.515,7.515,93640
VNM,2008-05-09,1210291200,7.405,7.405,7.405,7.405,18080
VNM,2008-05-12,1210550400,7.288,7.288,7.288,7.288,28170
VNM,2008-05-13,1210636800,7.179,7.179,7.179,7.179,6820
VNM,2008-05-14,1210723200,7.068,7.068,7.068,7.068,3080
VNM,2008-05-15,1210809600,6.954,6.954,6.954,6.954,230
VNM,2008-05-16,1210896000,6.843,6.843,6.843,6.843,102910
VNM,2008-05-19,1211155200,6.729,6.729,6.729,6.729,36280
VNM,2008-05-20,1211241600,6.617,6.617,6.617,6.617,8200
VNM,2008-05-21,1211328000,6.509,6.509,6.509,6.509,12020
VNM,2008-05-22,1211414400,6.393,6.393,6.393,6.393,920
VNM,2008-05-23,1211500800,6.282,6.282,6.282,6.282,16670
VNM,2008-05-26,1211760000,6.169,6.169,6.169,6.169,73400
VNM,2008-05-27,1211846400,6.224,6.224,6.224,6.224,0
VNM,2008-05-28,1211932800,6.224,6.224,6.224,6.224,0
VNM,2008-05-29,1212019200,6.224,6.224,6.224,6.224,0
VNM,2008-05-30,1212105600,6.057,6.057,6.057,6.057,4740
VNM,2008-06-02,1212364800,5.944,5.944,5.944,5.944,1280
VNM,2008-06-03,1212451200,5.833,5.833,5.833,5.833,5950
VNM,2008-06-04,1212537600,5.723,5.723,5.723,5.723,5610
VNM,2008-06-05,1212624000,5.608,5.608,5.608,5.608,6990
VNM,2008-06-06,1212710400,5.496,5.496,5.496,5.496,20360
VNM,2008-06-09,1212969600,5.41,5.41,5.41,5.41,14330
VNM,2008-06-10,1213056000,5.327,5.327,5.327,5.327,180
VNM,2008-06-11,1213142400,5.245,5.245,5.245,5.245,160500
VNM,2008-06-12,1213228800,5.158,5.158,5.158,5.158,108920
VNM,2008-06-13,1213315200,5.075,5.245,5.075,5.075,381270
VNM,2008-06-16,1213574400,4.993,5.158,4.993,5.158,200800
VNM,2008-06-17,1213660800,5.245,5.245,5.245,5.245,55150
VNM,2008-06-18,1213747200,5.327,5.327,5.327,5.327,129760
VNM,2008-06-19,1213833600,5.187,5.187,5.187,5.187,76910
VNM,2008-06-20,1213920000,5.047,5.047,5.047,5.047,154500
VNM,2008-06-23,1214179200,5.02,5.187,5.02,5.187,91880
VNM,2008-06-24,1214265600,5.327,5.327,5.327,5.327,37440
VNM,2008-06-25,1214352000,5.47,5.47,5.47,5.47,40310
VNM,2008-06-26,1214438400,5.608,5.608,5.608,5.608,129730
VNM,2008-06-27,1214524800,5.777,5.777,5.663,5.777,111050
VNM,2008-06-30,1214784000,5.944,5.944,5.889,5.944,95500
VNM,2008-07-01,1214870400,6.114,6.114,6.114,6.114,26260
VNM,2008-07-02,1214956800,6.282,6.282,6.282,6.282,217540
VNM,2008-07-03,1215043200,6.448,6.448,6.448,6.448,134410
VNM,2008-07-04,1215129600,6.617,6.617,6.617,6.617,157230
VNM,2008-07-07,1215388800,6.789,6.789,6.448,6.448,202790
VNM,2008-07-08,1215475200,6.282,6.448,6.282,6.448,129630
VNM,2008-07-09,1215561600,6.336,6.448,6.282,6.282,287040
VNM,2008-07-10,1215648000,6.448,6.448,6.393,6.448,324490
VNM,2008-07-11,1215734400,6.617,6.617,6.562,6.617,289280
VNM,2008-07-14,1215993600,6.617,6.789,6.617,6.729,130310
VNM,2008-07-15,1216080000,6.898,6.898,6.789,6.898,240460
VNM,2008-07-16,1216166400,6.729,6.729,6.729,6.729,64020
VNM,2008-07-17,1216252800,6.562,6.729,6.562,6.562,231120
VNM,2008-07-18,1216339200,6.393,6.393,6.393,6.393,54230
VNM,2008-07-21,1216598400,6.225,6.225,6.225,6.225,14160
VNM,2008-07-22,1216684800,6.057,6.057,6.057,6.057,8650
VNM,2008-07-23,1216771200,5.889,5.889,5.889,5.889,2170
VNM,2008-07-24,1216857600,5.723,5.723,5.723,5.723,337350
VNM,2008-07-25,1216944000,5.554,5.554,5.554,5.554,110790
VNM,2008-07-28,1217203200,5.41,5.663,5.41,5.663,277220
VNM,2008-07-29,1217289600,5.833,5.833,5.833,5.833,36580
VNM,2008-07-30,1217376000,6.002,6.002,6.002,6.002,171540
VNM,2008-07-31,1217462400,6.114,6.114,5.944,6.114,125420
VNM,2008-08-01,1217548800,5.944,6.057,5.944,5.944,176370
VNM,2008-08-04,1217808000,5.777,5.833,5.777,5.777,77450
VNM,2008-08-05,1217894400,5.608,5.608,5.608,5.608,36590
VNM,2008-08-06,1217980800,5.608,5.777,5.608,5.777,232670
VNM,2008-08-07,1218067200,5.944,5.944,5.889,5.889,228480
VNM,2008-08-08,1218153600,5.833,5.944,5.777,5.833,80170
VNM,2008-08-11,1218412800,6.002,6.002,5.889,6.002,61920
VNM,2008-08-12,1218499200,6.169,6.169,5.833,5.889,105180
VNM,2008-08-13,1218585600,5.833,5.944,5.833,5.889,92170
VNM,2008-08-14,1218672000,5.777,6.057,5.777,6.057,222630
VNM,2008-08-15,1218758400,6.225,6.225,6.225,6.225,73910
VNM,2008-08-18,1219017600,6.448,6.448,6.336,6.448,195120
VNM,2008-08-19,1219104000,6.729,6.729,6.336,6.393,487020
VNM,2008-08-20,1219190400,6.114,6.509,6.114,6.448,193150
VNM,2008-08-21,1219276800,6.448,6.562,6.393,6.562,258070
VNM,2008-08-22,1219363200,6.448,6.509,6.393,6.393,289380
VNM,2008-08-25,1219622400,6.448,6.672,6.448,6.617,235930
VNM,2008-08-26,1219708800,6.898,6.898,6.617,6.617,538250
VNM,2008-08-27,1219795200,6.562,6.729,6.336,6.336,321520
VNM,2008-08-28,1219881600,6.336,6.336,6.169,6.225,361620
VNM,2008-08-29,1219968000,5.944,6.169,5.944,5.944,442750
VNM,2008-09-03,1220400000,6.225,6.225,6.169,6.225,312910
VNM,2008-09-04,1220486400,6.509,6.509,6.393,6.509,245590
VNM,2008-09-05,1220572800,6.225,6.509,6.225,6.282,42840
VNM,2008-09-08,1220832000,6.002,6.114,6.002,6.002,68820
VNM,2008-09-09,1220918400,6.114,6.169,6.002,6.057,30490
VNM,2008-09-10,1221004800,6.225,6.225,6.002,6.114,55640
VNM,2008-09-11,1221091200,5.889,5.944,5.833,5.833,66470
VNM,2008-09-12,1221177600,5.833,5.944,5.608,5.723,78650
VNM,2008-09-15,1221436800,5.608,6.002,5.608,5.833,98130
VNM,2008-09-16,1221523200,5.723,5.723,5.554,5.554,88670
VNM,2008-09-17,1221609600,5.327,5.442,5.327,5.327,75180
VNM,2008-09-18,1221696000,5.075,5.103,5.075,5.075,164910
VNM,2008-09-19,1221782400,5.327,5.327,5.3,5.327,104930
VNM,2008-09-22,1222041600,5.58,5.58,5.58,5.58,31520
VNM,2008-09-23,1222128000,5.327,5.833,5.327,5.723,243000
VNM,2008-09-24,1222214400,5.526,5.526,5.442,5.442,84760
VNM,2008-09-25,1222300800,5.187,5.327,5.187,5.218,402720
VNM,2008-09-26,1222387200,5.47,5.47,5.327,5.47,155290
VNM,2008-09-29,1222646400,5.47,5.496,5.272,5.327,36350
VNM,2008-09-30,1222732800,5.075,5.158,5.075,5.075,459930
VNM,2008-10-01,1222819200,5.327,5.327,5.187,5.327,182630
VNM,2008-10-02,1222905600,5.327,5.47,5.272,5.3,241750
VNM,2008-10-03,1222992000,5.272,5.272,5.218,5.272,176320
VNM,2008-10-06,1223251200,5.047,5.245,5.047,5.245,263740
VNM,2008-10-07,1223337600,4.993,5.103,4.993,5.047,299450
VNM,2008-10-08,1223424000,4.993,5.103,4.993,5.047,269270
VNM,2008-10-09,1223510400,5.103,5.272,5.047,5.272,189440
VNM,2008-10-10,1223596800,5.02,5.103,5.02,5.02,223960
VNM,2008-10-13,1223856000,4.821,4.878,4.796,4.796,199420
VNM,2008-10-14,1223942400,5.02,5.02,5.02,5.02,200260
VNM,2008-10-15,1224028800,5.103,5.103,4.993,5.02,309380
VNM,2008-10-16,1224115200,4.796,4.907,4.796,4.796,292070
VNM,2008-10-17,1224201600,4.657,4.767,4.569,4.569,378900
VNM,2008-10-20,1224460800,4.569,4.685,4.404,4.569,145960
VNM,2008-10-21,1224547200,4.487,4.657,4.487,4.657,85780
VNM,2008-10-22,1224633600,4.542,4.625,4.487,4.542,172550
VNM,2008-10-23,1224720000,4.318,4.372,4.318,4.318,396910
VNM,2008-10-24,1224806400,4.124,4.205,4.124,4.124,199000
VNM,2008-10-27,1225065600,3.926,3.953,3.926,3.926,261440
VNM,2008-10-28,1225152000,3.731,3.812,3.731,3.812,163050
VNM,2008-10-29,1225238400,3.982,3.982,3.982,3.982,123380
VNM,2008-10-30,1225324800,4.151,4.179,4.038,4.179,282200
VNM,2008-10-31,1225411200,4.372,4.372,4.318,4.372,159170
VNM,2008-11-03,1225670400,4.432,4.569,4.372,4.542,233530
VNM,2008-11-04,1225756800,4.542,4.767,4.542,4.767,348370
VNM,2008-11-05,1225843200,4.993,4.993,4.993,4.993,264630
VNM,2008-11-06,1225929600,4.993,5.187,4.851,5.158,507500
VNM,2008-11-07,1226016000,4.937,5.158,4.907,4.937,294620
VNM,2008-11-10,1226275200,5.047,5.047,4.964,5.047,142860
VNM,2008-11-11,1226361600,4.821,4.851,4.796,4.796,71930
VNM,2008-11-12,1226448000,4.569,4.625,4.569,4.625,296900
VNM,2008-11-13,1226534400,4.542,4.851,4.542,4.851,104750
VNM,2008-11-14,1226620800,4.993,4.993,4.851,4.851,42780
VNM,2008-11-17,1226880000,4.74,4.851,4.74,4.767,37750
VNM,2008-11-18,1226966400,4.685,4.796,4.685,4.796,17960
VNM,2008-11-19,1227052800,4.796,4.796,4.767,4.767,60140
VNM,2008-11-20,1227139200,4.657,4.657,4.542,4.625,82770
VNM,2008-11-21,1227225600,4.432,4.625,4.432,4.542,76640
VNM,2008-11-24,1227484800,4.657,4.657,4.345,4.345,199520
VNM,2008-11-25,1227571200,4.345,4.432,4.263,4.29,498130
VNM,2008-11-26,1227657600,4.342,4.342,4.197,4.256,141920
VNM,2008-11-27,1227744000,4.256,4.428,4.197,4.197,119110
VNM,2008-11-28,1227830400,4.372,4.4,4.372,4.4,281340
VNM,2008-12-01,1228089600,4.286,4.372,4.256,4.314,130240
VNM,2008-12-02,1228176000,4.197,4.314,4.197,4.256,38400
VNM,2008-12-03,1228262400,4.314,4.314,4.228,4.314,80880
VNM,2008-12-04,1228348800,4.314,4.4,4.256,4.372,163960
VNM,2008-12-05,1228435200,4.342,4.342,4.228,4.314,81480
VNM,2008-12-08,1228694400,4.286,4.286,4.111,4.142,124000
VNM,2008-12-09,1228780800,4.057,4.342,4.057,4.342,92390
VNM,2008-12-10,1228867200,4.314,4.314,4.228,4.314,67250
VNM,2008-12-11,1228953600,4.4,4.487,4.4,4.487,263000
VNM,2008-12-12,1229040000,4.602,4.687,4.572,4.687,225990
VNM,2008-12-15,1229299200,4.805,4.832,4.659,4.832,103290
VNM,2008-12-16,1229385600,4.832,4.832,4.632,4.687,121110
VNM,2008-12-17,1229472000,4.602,4.774,4.602,4.716,99280
VNM,2008-12-18,1229558400,4.716,4.805,4.716,4.774,81480
VNM,2008-12-19,1229644800,4.774,4.944,4.774,4.832,177520
VNM,2008-12-22,1229904000,4.919,4.919,4.832,4.86,82270
VNM,2008-12-23,1229990400,4.832,4.832,4.687,4.716,122500
VNM,2008-12-24,1230076800,4.687,4.774,4.687,4.774,68760
VNM,2008-12-25,1230163200,4.716,4.774,4.716,4.745,27270
VNM,2008-12-26,1230249600,4.745,4.774,4.716,4.745,51190
VNM,2008-12-29,1230508800,4.774,4.774,4.745,4.774,36020
VNM,2008-12-30,1230595200,4.745,4.805,4.716,4.774,139250
VNM,2008-12-31,1230681600,4.716,4.774,4.716,4.774,70850
VNM,2009-01-02,1230854400,4.774,4.86,4.774,4.86,64000
VNM,2009-01-05,1231113600,4.805,4.86,4.805,4.832,107070
VNM,2009-01-06,1231200000,4.891,4.944,4.891,4.891,57160
VNM,2009-01-07,1231286400,5.063,5.089,4.978,4.978,218480
VNM,2009-01-08,1231372800,5.003,5.063,4.919,4.944,191380
VNM,2009-01-09,1231459200,4.891,4.944,4.891,4.891,238010
VNM,2009-01-12,1231718400,4.832,4.86,4.832,4.832,84160
VNM,2009-01-13,1231804800,4.832,4.832,4.805,4.832,28020
VNM,2009-01-14,1231891200,4.774,4.891,4.774,4.891,72860
VNM,2009-01-15,1231977600,4.774,4.805,4.774,4.774,170910
VNM,2009-01-16,1232064000,4.774,4.86,4.774,4.86,78340
VNM,2009-01-19,1232323200,4.891,4.891,4.832,4.86,28980
VNM,2009-01-20,1232409600,4.832,4.891,4.832,4.86,4930
VNM,2009-01-21,1232496000,4.832,4.832,4.774,4.774,80320
VNM,2009-01-22,1232582400,4.716,4.774,4.716,4.716,98530
VNM,2009-01-23,1232668800,4.716,4.745,4.716,4.716,52620
VNM,2009-02-02,1233532800,4.716,4.745,4.716,4.716,26960
VNM,2009-02-03,1233619200,4.687,4.687,4.514,4.514,106450
VNM,2009-02-04,1233705600,4.514,4.572,4.514,4.514,33820
VNM,2009-02-05,1233792000,4.514,4.514,4.428,4.46,74900
VNM,2009-02-06,1233878400,4.602,4.659,4.545,4.659,130120
VNM,2009-02-09,1234137600,4.716,4.716,4.632,4.659,48630
VNM,2009-02-10,1234224000,4.659,4.659,4.487,4.545,17680
VNM,2009-02-11,1234310400,4.487,4.545,4.487,4.545,57880
VNM,2009-02-12,1234396800,4.545,4.602,4.514,4.545,66040
VNM,2009-02-13,1234483200,4.514,4.572,4.514,4.514,80110
VNM,2009-02-16,1234742400,4.514,4.545,4.487,4.545,29090
VNM,2009-02-17,1234828800,4.545,4.545,4.4,4.4,151310
VNM,2009-02-18,1234915200,4.314,4.372,4.286,4.314,215000
VNM,2009-02-19,1235001600,4.46,4.46,4.372,4.372,74340
VNM,2009-02-20,1235088000,4.314,4.372,4.256,4.286,181370
VNM,2009-02-23,1235347200,4.228,4.256,4.197,4.228,134550
VNM,2009-02-24,1235433600,4.083,4.197,4.025,4.197,249370
VNM,2009-02-25,1235520000,4.314,4.4,4.256,4.4,116000
VNM,2009-02-26,1235606400,4.256,4.4,4.228,4.228,93720
VNM,2009-02-27,1235692800,4.111,4.314,4.111,4.286,70390
VNM,2009-03-02,1235952000,4.286,4.372,4.286,4.372,66360
VNM,2009-03-03,1236038400,4.256,4.314,4.256,4.256,36620
VNM,2009-03-04,1236124800,4.314,4.372,4.286,4.372,32380
VNM,2009-03-05,1236211200,4.4,4.4,4.286,4.286,55210
VNM,2009-03-06,1236297600,4.286,4.314,4.286,4.286,47800
VNM,2009-03-09,1236556800,4.286,4.342,4.286,4.342,41390
VNM,2009-03-10,1236643200,4.342,4.372,4.286,4.372,47670
VNM,2009-03-11,1236729600,4.4,4.4,4.314,4.342,42280
VNM,2009-03-12,1236816000,4.314,4.342,4.286,4.286,46600
VNM,2009-03-13,1236902400,4.342,4.342,4.286,4.286,35190
VNM,2009-03-16,1237161600,4.286,4.342,4.286,4.314,37510
VNM,2009-03-17,1237248000,4.4,4.428,4.372,4.4,62610
VNM,2009-03-18,1237334400,4.545,4.572,4.514,4.572,156800
VNM,2009-03-19,1237420800,4.545,4.572,4.4,4.46,44140
VNM,2009-03-20,1237507200,4.372,4.46,4.372,4.4,61430
VNM,2009-03-23,1237766400,4.4,4.4,4.372,4.372,46900
VNM,2009-03-24,1237852800,4.545,4.572,4.545,4.572,183430
VNM,2009-03-25,1237939200,4.572,4.602,4.545,4.602,75230
VNM,2009-03-26,1238025600,4.659,4.687,4.602,4.687,105600
VNM,2009-03-27,1238112000,4.659,4.659,4.545,4.632,76970
VNM,2009-03-30,1238371200,4.545,4.602,4.514,4.602,50630
VNM,2009-03-31,1238457600,4.602,4.602,4.514,4.514,54290
VNM,2009-04-01,1238544000,4.687,4.687,4.572,4.602,29920
VNM,2009-04-02,1238630400,4.632,4.716,4.602,4.716,39420
VNM,2009-04-03,1238716800,4.832,4.944,4.832,4.919,156500
VNM,2009-04-07,1239062400,5.003,5.003,4.86,4.978,69370
VNM,2009-04-08,1239148800,4.86,4.891,4.745,4.745,80990
VNM,2009-04-09,1239235200,4.805,4.805,4.659,4.716,41600
VNM,2009-04-10,1239321600,4.944,4.944,4.602,4.86,135420
VNM,2009-04-13,1239580800,4.944,5.089,4.891,5.089,215060
VNM,2009-04-14,1239667200,5.264,5.264,4.944,5.089,302310
VNM,2009-04-15,1239753600,4.944,5.089,4.944,5.003,437310
VNM,2009-04-16,1239840000,5.003,5.178,4.944,5.034,323320
VNM,2009-04-17,1239926400,4.978,4.978,4.805,4.805,178240
VNM,2009-04-20,1240185600,4.572,4.659,4.572,4.602,138330
VNM,2009-04-21,1240272000,4.487,4.832,4.487,4.832,171520
VNM,2009-04-22,1240358400,5.003,5.063,4.891,4.891,146400
VNM,2009-04-23,1240444800,4.774,4.944,4.745,4.774,25030
VNM,2009-04-24,1240531200,4.602,4.774,4.602,4.774,72480
VNM,2009-04-27,1240790400,4.919,4.978,4.86,4.978,150460
VNM,2009-04-28,1240876800,4.86,4.919,4.86,4.891,46830
VNM,2009-04-29,1240963200,4.832,4.919,4.832,4.891,30130
VNM,2009-05-04,1241395200,5.119,5.119,5.119,5.119,163680
VNM,2009-05-05,1241481600,5.35,5.35,5.35,5.35,221270
VNM,2009-05-06,1241568000,5.354,5.522,5.294,5.522,329780
VNM,2009-05-07,1241654400,5.58,5.693,5.526,5.693,89520
VNM,2009-05-08,1241740800,5.522,5.667,5.493,5.493,52790
VNM,2009-05-11,1242000000,5.693,5.723,5.58,5.637,163660
VNM,2009-05-12,1242086400,5.637,5.667,5.58,5.637,119050
VNM,2009-05-13,1242172800,5.765,5.765,5.62,5.735,175370
VNM,2009-05-14,1242259200,5.464,5.58,5.464,5.493,145800
VNM,2009-05-15,1242345600,5.608,5.637,5.522,5.637,114750
VNM,2009-05-18,1242604800,5.608,5.608,5.549,5.58,132700
VNM,2009-05-19,1242691200,5.667,5.667,5.522,5.522,110960
VNM,2009-05-20,1242777600,5.464,5.58,5.436,5.464,140220
VNM,2009-05-21,1242864000,5.464,5.464,5.436,5.436,143210
VNM,2009-05-22,1242950400,5.376,5.436,5.291,5.291,111790
VNM,2009-05-25,1243209600,5.35,5.464,5.291,5.436,151310
VNM,2009-05-26,1243296000,5.35,5.436,5.291,5.291,166350
VNM,2009-05-27,1243382400,5.291,5.35,5.264,5.264,162210
VNM,2009-05-28,1243468800,5.147,5.234,5.119,5.178,287870
VNM,2009-05-29,1243555200,5.376,5.376,5.063,5.063,129040
VNM,2009-06-01,1243814400,5.178,5.291,5.178,5.264,257090
VNM,2009-06-02,1243900800,5.522,5.522,5.291,5.35,199210
VNM,2009-06-03,1243987200,5.376,5.376,5.291,5.35,220290
VNM,2009-06-04,1244073600,5.35,5.436,5.35,5.408,245960
VNM,2009-06-05,1244160000,5.608,5.608,5.493,5.549,184360
VNM,2009-06-08,1244419200,5.807,5.807,5.807,5.807,142560
VNM,2009-06-09,1244505600,6.097,6.097,5.984,6.097,302620
VNM,2009-06-10,1244592000,6.097,6.097,5.807,5.807,240700
VNM,2009-06-11,1244678400,5.807,6.097,5.753,6.04,114680
VNM,2009-06-12,1244764800,6.097,6.097,5.807,5.867,137560
VNM,2009-06-15,1245024000,5.58,5.637,5.58,5.608,263770
VNM,2009-06-16,1245110400,5.35,5.376,5.35,5.35,304100
VNM,2009-06-17,1245196800,5.089,5.291,5.089,5.178,263160
VNM,2009-06-18,1245283200,5.436,5.436,5.35,5.436,76420
VNM,2009-06-19,1245369600,5.522,5.522,5.408,5.436,69950
VNM,2009-06-22,1245628800,5.436,5.436,5.291,5.376,44440
VNM,2009-06-23,1245715200,5.147,5.234,5.119,5.147,244700
VNM,2009-06-24,1245801600,5.35,5.376,5.291,5.376,74770
VNM,2009-06-25,1245888000,5.58,5.58,5.408,5.58,177000
VNM,2009-06-26,1245974400,5.58,5.608,5.549,5.58,177730
VNM,2009-06-29,1246233600,5.637,5.637,5.493,5.493,34310
VNM,2009-06-30,1246320000,5.493,5.522,5.291,5.291,74960
VNM,2009-07-01,1246406400,5.205,5.291,5.178,5.178,179890
VNM,2009-07-02,1246492800,5.178,5.35,5.178,5.234,203350
VNM,2009-07-03,1246579200,5.291,5.35,5.264,5.35,77110
VNM,2009-07-06,1246838400,5.436,5.58,5.35,5.58,200830
VNM,2009-07-07,1246924800,5.464,5.522,5.35,5.464,272760
VNM,2009-07-08,1247011200,5.464,5.637,5.408,5.637,187110
VNM,2009-07-09,1247097600,5.867,5.867,5.867,5.867,71590
VNM,2009-07-10,1247184000,6.155,6.155,6.155,6.155,49310
VNM,2009-07-13,1247443200,6.442,6.442,6.442,6.442,535160
VNM,2009-07-14,1247529600,6.729,6.729,6.329,6.615,1036480
VNM,2009-07-15,1247616000,6.789,6.901,6.729,6.901,395120
VNM,2009-07-16,1247702400,7.132,7.132,6.847,6.901,207640
VNM,2009-07-17,1247788800,6.789,6.789,6.555,6.555,343320
VNM,2009-07-20,1248048000,6.324,6.442,6.324,6.384,215070
VNM,2009-07-21,1248134400,6.384,6.501,6.384,6.442,227420
VNM,2009-07-22,1248220800,6.559,6.675,6.559,6.617,184970
VNM,2009-07-23,1248307200,6.617,6.735,6.617,6.735,254820
VNM,2009-07-24,1248393600,7.029,7.029,6.971,7.029,376280
VNM,2009-07-27,1248652800,7.029,7.263,6.971,7.263,242950
VNM,2009-07-28,1248739200,7.029,7.263,7.029,7.263,248020
VNM,2009-07-29,1248825600,7.321,7.321,7.263,7.263,231450
VNM,2009-07-30,1248912000,7.202,7.263,6.971,7.202,80040
VNM,2009-07-31,1248998400,7.263,7.378,7.202,7.378,276590
VNM,2009-08-03,1249257600,7.496,7.73,7.438,7.73,98280
VNM,2009-08-04,1249344000,8.082,8.082,7.962,8.082,268310
VNM,2009-08-05,1249430400,8.138,8.431,8.082,8.374,305660
VNM,2009-08-06,1249516800,8.374,8.608,8.082,8.256,131440
VNM,2009-08-07,1249603200,8.256,8.315,8.197,8.256,85680
VNM,2009-08-10,1249862400,8.374,8.492,8.256,8.492,122670
VNM,2009-08-11,1249948800,8.666,8.784,8.666,8.784,196940
VNM,2009-08-12,1250035200,8.784,8.843,8.666,8.666,157810
VNM,2009-08-13,1250121600,8.666,8.723,8.608,8.666,226530
VNM,2009-08-14,1250208000,8.608,8.784,8.608,8.784,126370
VNM,2009-08-17,1250467200,8.784,8.958,8.784,8.843,113260
VNM,2009-08-18,1250553600,8.723,8.784,8.608,8.666,126490
VNM,2009-08-19,1250640000,8.723,8.843,8.666,8.666,56190
VNM,2009-08-20,1250726400,9.077,9.077,8.843,9.077,207070
VNM,2009-08-21,1250812800,9.485,9.485,9.077,9.368,505720
VNM,2009-08-24,1251072000,9.368,9.368,9.251,9.251,219780
VNM,2009-08-25,1251158400,9.134,9.192,8.843,9.192,164620
VNM,2009-08-26,1251244800,8.9,9.077,8.784,8.784,229170
VNM,2009-08-27,1251331200,8.958,9.017,8.9,9.017,121990
VNM,2009-08-28,1251417600,9.251,9.251,9.077,9.134,192700
VNM,2009-08-31,1251676800,9.251,9.251,9.134,9.251,264350
VNM,2009-09-01,1251763200,9.134,9.251,9.077,9.134,94210
VNM,2009-09-03,1251936000,9.077,9.077,8.723,8.9,506420
VNM,2009-09-04,1252022400,8.9,8.958,8.666,8.723,139550
VNM,2009-09-07,1252281600,8.784,8.843,8.666,8.784,128120
VNM,2009-09-08,1252368000,8.958,9.192,8.9,9.192,240420
VNM,2009-09-09,1252454400,9.192,9.251,9.077,9.077,63130
VNM,2009-09-10,1252540800,9.485,9.485,9.428,9.485,344340
VNM,2009-09-11,1252627200,9.954,9.954,9.837,9.954,461500
VNM,2009-09-14,1252886400,10.245,10.363,10.129,10.245,271030
VNM,2009-09-15,1252972800,10.07,10.188,9.778,9.778,383940
VNM,2009-09-16,1253059200,9.661,9.719,9.485,9.602,245450
VNM,2009-09-17,1253145600,10.012,10.07,9.778,10.07,711440
VNM,2009-09-18,1253232000,10.539,10.539,10.539,10.539,577530
VNM,2009-09-21,1253491200,11.068,11.068,11.068,11.068,503510
VNM,2009-09-22,1253577600,11.594,11.594,11.304,11.594,2191200
VNM,2009-09-23,1253664000,11.594,11.594,11.127,11.127,1145820
VNM,2009-09-24,1253750400,10.658,11.127,10.597,10.597,1131030
VNM,2009-09-25,1253836800,10.539,10.775,10.422,10.658,559770
VNM,2009-09-28,1254096000,10.658,10.716,10.305,10.305,581330
VNM,2009-09-29,1254182400,10.07,10.245,10.07,10.07,920850
VNM,2009-09-30,1254268800,10.188,10.539,10.07,10.539,678350
VNM,2009-10-01,1254355200,10.834,10.834,10.305,10.305,667590
VNM,2009-10-02,1254441600,9.954,10.188,9.837,10.012,873070
VNM,2009-10-05,1254700800,9.954,10.07,9.837,9.954,288520
VNM,2009-10-06,1254787200,9.954,10.012,9.837,9.894,489010
VNM,2009-10-07,1254873600,9.954,10.363,9.954,10.363,538670
VNM,2009-10-08,1254960000,10.539,10.539,10.305,10.481,504710
VNM,2009-10-09,1255046400,10.539,10.539,10.363,10.422,651820
VNM,2009-10-12,1255305600,10.481,10.481,10.305,10.363,264260
VNM,2009-10-13,1255392000,10.188,10.305,10.07,10.07,373090
VNM,2009-10-14,1255478400,10.07,10.539,10.07,10.539,375850
VNM,2009-10-15,1255564800,10.892,10.951,10.658,10.658,646020
VNM,2009-10-16,1255651200,10.539,10.539,10.305,10.305,282560
VNM,2009-10-19,1255910400,10.188,10.305,10.188,10.188,337510
VNM,2009-10-20,1255996800,10.305,10.363,10.188,10.188,250520
VNM,2009-10-21,1256083200,9.954,10.129,9.954,10.07,502720
VNM,2009-10-22,1256169600,10.07,10.129,9.954,10.07,649040
VNM,2009-10-23,1256256000,10.07,10.129,9.954,10.012,664210
VNM,2009-10-26,1256515200,9.954,10.07,9.954,9.954,414370
VNM,2009-10-27,1256601600,9.954,10.012,9.837,9.954,643410
VNM,2009-10-28,1256688000,10.07,10.422,9.954,10.422,880660
VNM,2009-10-29,1256774400,10.188,10.305,10.012,10.188,564070
VNM,2009-10-30,1256860800,10.422,10.422,10.129,10.245,595340
VNM,2009-11-02,1257120000,9.837,9.894,9.778,9.837,545760
VNM,2009-11-03,1257206400,9.602,9.778,9.485,9.485,599180
VNM,2009-11-04,1257292800,9.368,9.719,9.368,9.544,365700
VNM,2009-11-05,1257379200,9.719,10.012,9.661,9.837,220610
VNM,2009-11-06,1257465600,10.012,10.012,9.837,9.837,321320
VNM,2009-11-09,1257724800,9.485,9.837,9.428,9.544,229510
VNM,2009-11-10,1257811200,9.661,9.719,9.485,9.661,328780
VNM,2009-11-11,1257897600,9.661,9.954,9.602,9.954,295090
VNM,2009-11-12,1257984000,9.954,10.07,9.954,9.954,232460
VNM,2009-11-13,1258070400,9.719,9.954,9.719,9.954,254020
VNM,2009-11-16,1258329600,10.07,10.07,9.837,9.837,174000
VNM,2009-11-17,1258416000,9.837,9.894,9.778,9.894,301350
VNM,2009-11-18,1258502400,9.954,10.129,9.894,10.129,582520
VNM,2009-11-19,1258588800,10.188,10.245,10.129,10.188,387080
VNM,2009-11-20,1258675200,10.188,10.245,10.129,10.188,390010
VNM,2009-11-23,1258934400,10.07,10.188,9.837,9.837,149040
VNM,2009-11-24,1259020800,9.837,9.954,9.778,9.837,209410
VNM,2009-11-25,1259107200,9.778,9.778,9.368,9.544,352730
VNM,2009-11-26,1259193600,9.077,9.134,9.077,9.077,452550
VNM,2009-11-27,1259280000,8.666,9.485,8.666,9.077,755480
VNM,2009-11-30,1259539200,9.134,9.368,9.077,9.192,234500
VNM,2009-12-01,1259625600,9.251,9.368,9.251,9.309,453080
VNM,2009-12-02,1259712000,9.251,9.309,9.077,9.251,271430
VNM,2009-12-03,1259798400,9.251,9.251,9.077,9.077,288200
VNM,2009-12-04,1259884800,9.077,9.192,9.017,9.077,273280
VNM,2009-12-07,1260144000,8.9,9.017,8.9,8.958,98800
VNM,2009-12-08,1260230400,8.843,9.077,8.784,8.9,395050
VNM,2009-12-09,1260316800,8.608,8.784,8.492,8.549,527930
VNM,2009-12-10,1260403200,8.549,8.608,8.138,8.138,923980
VNM,2009-12-11,1260489600,8.023,8.138,7.962,8.082,376760
VNM,2009-12-14,1260748800,8.082,8.197,8.082,8.138,220630
VNM,2009-12-15,1260835200,8.082,8.197,8.023,8.138,237800
VNM,2009-12-16,1260921600,8.138,8.138,7.787,7.787,339900
VNM,2009-12-17,1261008000,7.613,7.671,7.496,7.496,183600
VNM,2009-12-18,1261094400,7.848,7.848,7.787,7.848,417830
VNM,2009-12-21,1261353600,8.197,8.197,8.082,8.197,350320
VNM,2009-12-22,1261440000,8.197,8.315,8.138,8.138,371040
VNM,2009-12-23,1261526400,7.962,8.197,7.962,8.197,362480
VNM,2009-12-24,1261612800,8.138,8.197,8.082,8.197,271830
VNM,2009-12-25,1261699200,8.197,8.608,8.197,8.608,705200
VNM,2009-12-28,1261958400,8.784,9.017,8.666,9.017,371600
VNM,2009-12-29,1262044800,9.017,9.077,8.723,8.723,137750
VNM,2009-12-30,1262131200,8.666,8.843,8.666,8.784,176990
VNM,2009-12-31,1262217600,8.9,8.958,8.723,8.784,303560
VNM,2010-01-04,1262563200,8.784,9.192,8.784,9.192,522570
VNM,2010-01-05,1262649600,9.602,9.602,9.485,9.602,788950
VNM,2010-01-06,1262736000,9.368,9.719,9.368,9.661,320220
VNM,2010-01-07,1262822400,9.602,9.661,9.368,9.368,165310
VNM,2010-01-08,1262908800,9.368,9.544,9.077,9.077,391270
VNM,2010-01-11,1263168000,9.017,9.134,8.958,8.958,270860
VNM,2010-01-12,1263254400,8.784,8.9,8.666,8.666,362150
VNM,2010-01-13,1263340800,8.549,8.9,8.431,8.9,351930
VNM,2010-01-14,1263427200,8.9,9.017,8.784,8.9,175250
VNM,2010-01-15,1263513600,8.958,8.958,8.666,8.666,241100
VNM,2010-01-18,1263772800,8.431,8.492,8.315,8.315,264810
VNM,2010-01-19,1263859200,8.374,8.723,8.374,8.723,281670
VNM,2010-01-20,1263945600,8.723,9.134,8.723,9.134,606070
VNM,2010-01-21,1264032000,8.958,9.134,8.9,8.9,547510
VNM,2010-01-22,1264118400,8.9,9.017,8.843,8.9,259390
VNM,2010-01-25,1264377600,8.958,9.134,8.9,9.134,254610
VNM,2010-01-26,1264464000,9.251,9.544,9.251,9.544,620490
VNM,2010-01-27,1264550400,9.192,9.428,9.134,9.134,560860
VNM,2010-01-28,1264636800,9.251,9.251,9.077,9.134,163980
VNM,2010-01-29,1264723200,9.192,9.251,9.077,9.077,337550
VNM,2010-02-01,1264982400,9.077,9.485,9.077,9.485,258050
VNM,2010-02-02,1265068800,9.602,9.661,9.368,9.602,713690
VNM,2010-02-03,1265155200,9.719,10.07,9.661,10.07,1539620
VNM,2010-02-04,1265241600,10.188,10.539,10.129,10.422,1188140
VNM,2010-02-05,1265328000,10.188,10.245,9.954,9.954,551100
VNM,2010-02-08,1265587200,9.719,10.012,9.719,9.954,246070
VNM,2010-02-09,1265673600,9.894,9.954,9.485,9.485,1991740
VNM,2010-02-10,1265760000,9.719,9.954,9.719,9.954,615590
VNM,2010-02-11,1265846400,10.422,10.422,10.422,10.422,1382690
VNM,2010-02-12,1265932800,10.422,10.658,10.422,10.597,1058090
VNM,2010-02-22,1266796800,10.539,10.539,10.305,10.481,640640
VNM,2010-02-23,1266883200,10.422,10.422,10.129,10.129,542830
VNM,2010-02-24,1266969600,10.129,10.305,10.129,10.245,435280
VNM,2010-02-25,1267056000,10.483,10.483,10.367,10.425,591140
VNM,2010-02-26,1267142400,10.425,10.483,10.07,10.07,964030
VNM,2010-03-01,1267401600,10.309,10.309,10.07,10.07,314070
VNM,2010-03-02,1267488000,10.245,10.245,10.008,10.008,371080
VNM,2010-03-03,1267574400,10.245,10.309,10.129,10.245,182040
VNM,2010-03-04,1267660800,10.483,10.604,10.367,10.367,423030
VNM,2010-03-05,1267747200,10.546,10.546,10.309,10.425,257150
VNM,2010-03-08,1268006400,10.841,10.841,10.483,10.546,328580
VNM,2010-03-09,1268092800,10.604,11.014,10.604,10.841,1059570
VNM,2010-03-10,1268179200,10.661,10.841,10.604,10.604,142590
VNM,2010-03-11,1268265600,10.604,10.661,10.483,10.546,114560
VNM,2010-03-12,1268352000,10.546,10.604,10.483,10.546,104640
VNM,2010-03-15,1268611200,10.781,10.781,10.546,10.546,200590
VNM,2010-03-16,1268697600,10.483,10.604,10.367,10.367,123000
VNM,2010-03-17,1268784000,10.367,10.483,10.367,10.367,83710
VNM,2010-03-18,1268870400,10.367,10.425,10.309,10.425,66490
VNM,2010-03-19,1268956800,10.425,10.483,10.309,10.309,46770
VNM,2010-03-22,1269216000,10.245,10.425,10.245,10.245,54750
VNM,2010-03-23,1269302400,10.245,10.309,10.129,10.129,76950
VNM,2010-03-24,1269388800,10.188,10.245,10.188,10.188,70370
VNM,2010-03-25,1269475200,10.07,10.188,10.07,10.188,70870
VNM,2010-03-26,1269561600,10.129,10.188,10.07,10.129,130230
VNM,2010-03-29,1269820800,10.367,10.367,10.129,10.188,143530
VNM,2010-03-30,1269907200,10.07,10.188,9.95,10.008,158730
VNM,2010-03-31,1269993600,10.07,10.188,10.07,10.07,118610
VNM,2010-04-01,1270080000,10.245,10.245,10.129,10.129,187970
VNM,2010-04-02,1270166400,10.309,10.309,10.188,10.245,106910
VNM,2010-04-05,1270425600,10.309,10.425,10.309,10.367,103910
VNM,2010-04-06,1270512000,10.367,10.367,10.245,10.309,218490
VNM,2010-04-07,1270598400,10.425,10.425,10.188,10.245,234320
VNM,2010-04-08,1270684800,10.309,10.427,10.309,10.367,214670
VNM,2010-04-09,1270771200,10.367,10.427,10.367,10.367,162060
VNM,2010-04-12,1271030400,10.549,10.549,10.549,10.549,250280
VNM,2010-04-13,1271116800,10.667,10.726,10.549,10.549,391070
VNM,2010-04-14,1271203200,10.667,10.667,10.485,10.549,206310
VNM,2010-04-15,1271289600,10.667,10.667,10.549,10.667,158020
VNM,2010-04-16,1271376000,10.606,10.667,10.549,10.606,96740
VNM,2010-04-19,1271635200,10.667,10.667,10.606,10.606,240970
VNM,2010-04-20,1271721600,10.667,10.667,10.549,10.606,162870
VNM,2010-04-21,1271808000,10.606,10.667,10.485,10.549,119140
VNM,2010-04-22,1271894400,10.606,10.667,10.549,10.549,117050
VNM,2010-04-26,1272240000,10.667,10.726,10.606,10.726,198840
VNM,2010-04-27,1272326400,10.846,11.207,10.788,11.145,676730
VNM,2010-04-28,1272412800,11.385,11.385,11.207,11.265,398620
VNM,2010-04-29,1272499200,11.145,11.326,11.145,11.265,251870
VNM,2010-05-04,1272931200,11.265,11.265,11.145,11.145,177180
VNM,2010-05-05,1273017600,11.026,11.145,10.967,11.087,219490
VNM,2010-05-06,1273104000,11.145,11.145,11.026,11.087,209680
VNM,2010-05-07,1273190400,10.906,10.967,10.788,10.967,283240
VNM,2010-05-10,1273449600,10.967,11.026,10.788,10.846,221640
VNM,2010-05-11,1273536000,10.906,11.026,10.906,11.026,118430
VNM,2010-05-12,1273622400,10.906,11.026,10.906,10.906,198420
VNM,2010-05-13,1273708800,11.026,11.026,10.906,10.967,57080
VNM,2010-05-14,1273795200,11.087,11.087,10.967,11.026,117740
VNM,2010-05-17,1274054400,11.026,11.026,10.906,10.906,106480
VNM,2010-05-18,1274140800,10.906,10.967,10.846,10.906,79010
VNM,2010-05-19,1274227200,10.906,10.906,10.667,10.726,241580
VNM,2010-05-20,1274313600,10.667,10.788,10.606,10.788,272360
VNM,2010-05-21,1274400000,10.427,10.726,10.427,10.485,214660
VNM,2010-05-24,1274659200,10.667,10.667,10.485,10.606,162620
VNM,2010-05-25,1274745600,10.726,10.726,10.606,10.667,70580
VNM,2010-05-26,1274832000,10.726,10.726,10.667,10.726,88640
VNM,2010-05-27,1274918400,10.788,10.788,10.667,10.667,51500
VNM,2010-05-28,1275004800,10.906,10.906,10.726,10.788,130340
VNM,2010-05-31,1275264000,10.846,10.846,10.606,10.606,58970
VNM,2010-06-01,1275350400,10.667,10.667,10.606,10.667,82740
VNM,2010-06-02,1275436800,10.667,10.667,10.606,10.606,223120
VNM,2010-06-03,1275523200,10.788,10.846,10.726,10.726,128860
VNM,2010-06-04,1275609600,10.906,10.906,10.726,10.788,103320
VNM,2010-06-07,1275868800,10.606,10.667,10.485,10.549,270460
VNM,2010-06-08,1275955200,10.667,10.667,10.549,10.549,73450
VNM,2010-06-09,1276041600,10.788,10.788,10.667,10.726,76840
VNM,2010-06-10,1276128000,10.788,10.788,10.667,10.788,43820
VNM,2010-06-11,1276214400,10.967,10.967,10.726,10.788,208230
VNM,2010-06-14,1276473600,10.846,10.846,10.726,10.788,51320
VNM,2010-06-15,1276560000,10.726,10.788,10.726,10.726,46660
VNM,2010-06-16,1276646400,10.788,10.788,10.726,10.788,42730
VNM,2010-06-17,1276732800,10.788,10.788,10.726,10.726,44250
VNM,2010-06-18,1276819200,10.726,10.726,10.726,10.726,43680
VNM,2010-06-21,1277078400,10.788,10.788,10.726,10.726,56200
VNM,2010-06-22,1277164800,10.788,10.788,10.667,10.726,61680
VNM,2010-06-23,1277251200,10.788,10.906,10.667,10.846,136740
VNM,2010-06-24,1277337600,10.788,10.906,10.788,10.906,95000
VNM,2010-06-25,1277424000,10.788,10.906,10.788,10.906,65690
VNM,2010-06-28,1277683200,10.906,10.906,10.788,10.846,120260
VNM,2010-06-29,1277769600,10.906,10.906,10.788,10.846,56160
VNM,2010-06-30,1277856000,10.846,10.846,10.726,10.788,106670
VNM,2010-07-01,1277942400,10.846,10.906,10.788,10.906,125970
VNM,2010-07-02,1278028800,10.967,10.967,10.846,10.967,103090
VNM,2010-07-05,1278288000,10.967,10.967,10.906,10.906,47090
VNM,2010-07-06,1278374400,10.967,10.967,10.906,10.906,90400
VNM,2010-07-07,1278460800,10.846,10.967,10.846,10.906,43750
VNM,2010-07-08,1278547200,10.967,10.967,10.906,10.906,76850
VNM,2010-07-09,1278633600,10.906,10.967,10.906,10.906,70390
VNM,2010-07-12,1278892800,10.906,10.967,10.846,10.967,38490
VNM,2010-07-13,1278979200,11.026,11.026,10.906,11.026,61150
VNM,2010-07-14,1279065600,11.087,11.087,11.026,11.026,100580
VNM,2010-07-15,1279152000,11.026,11.087,10.967,11.026,48800
VNM,2010-07-16,1279238400,11.087,11.087,10.967,11.087,39150
VNM,2010-07-19,1279497600,11.087,11.145,11.026,11.087,62020
VNM,2010-07-20,1279584000,11.207,11.265,11.145,11.145,127800
VNM,2010-07-21,1279670400,11.207,11.265,11.145,11.207,77860
VNM,2010-07-22,1279756800,11.145,11.145,11.087,11.087,34060
VNM,2010-07-23,1279843200,11.087,11.087,11.026,11.026,39200
VNM,2010-07-26,1280102400,11.087,11.145,11.026,11.026,77420
VNM,2010-07-27,1280188800,11.026,11.087,10.967,11.026,56320
VNM,2010-07-28,1280275200,11.087,11.087,10.846,10.967,159210
VNM,2010-07-29,1280361600,10.967,11.026,10.906,10.967,45050
VNM,2010-07-30,1280448000,10.967,10.967,10.906,10.967,53050
VNM,2010-08-02,1280707200,10.967,10.967,10.846,10.906,70110
VNM,2010-08-03,1280793600,10.906,10.967,10.906,10.967,95750
VNM,2010-08-04,1280880000,11.026,11.026,10.906,10.967,103130
VNM,2010-08-05,1280966400,10.967,11.026,10.967,11.026,67940
VNM,2010-08-06,1281052800,11.026,11.026,10.967,10.967,64800
VNM,2010-08-09,1281312000,11.087,11.087,10.906,10.906,93970
VNM,2010-08-10,1281398400,11.026,11.026,10.846,10.906,147420
VNM,2010-08-11,1281484800,10.906,10.967,10.846,10.967,64660
VNM,2010-08-12,1281571200,10.906,10.906,10.788,10.788,156750
VNM,2010-08-13,1281657600,10.849,11.097,10.784,11.097,232020
VNM,2010-08-16,1281916800,11.158,11.218,11.097,11.218,29170
VNM,2010-08-17,1282003200,11.097,11.158,11.034,11.097,50450
VNM,2010-08-18,1282089600,11.097,11.097,10.973,10.973,34750
VNM,2010-08-19,1282176000,11.097,11.097,10.973,10.973,32560
VNM,2010-08-20,1282262400,10.973,11.034,10.911,11.034,13660
VNM,2010-08-23,1282521600,11.034,11.034,10.911,10.973,7880
VNM,2010-08-24,1282608000,10.784,10.911,10.723,10.784,46050
VNM,2010-08-25,1282694400,10.723,10.723,10.476,10.723,74930
VNM,2010-08-26,1282780800,10.723,10.723,10.601,10.723,45190
VNM,2010-08-27,1282867200,10.723,10.784,10.661,10.784,20430
VNM,2010-08-30,1283126400,11.034,11.034,10.784,10.973,22350
VNM,2010-08-31,1283212800,11.034,11.034,10.911,11.034,70430
VNM,2010-09-01,1283299200,11.034,11.034,10.849,10.973,27940
VNM,2010-09-06,1283731200,11.034,11.034,10.911,10.973,33920
VNM,2010-09-07,1283817600,10.973,11.034,10.911,10.911,37150
VNM,2010-09-08,1283904000,10.973,10.973,10.849,10.911,43550
VNM,2010-09-09,1283990400,10.911,11.034,10.911,10.973,21730
VNM,2010-09-10,1284076800,10.973,11.034,10.911,10.973,83710
VNM,2010-09-13,1284336000,10.973,10.973,10.849,10.973,10820
VNM,2010-09-14,1284422400,10.973,10.973,10.911,10.973,36520
VNM,2010-09-15,1284508800,11.034,11.034,10.911,10.973,21860
VNM,2010-09-16,1284595200,11.034,11.034,10.911,10.973,44870
VNM,2010-09-17,1284681600,10.911,11.034,10.911,11.034,39810
VNM,2010-09-20,1284940800,11.158,11.158,11.034,11.034,48980
VNM,2010-09-21,1285027200,11.034,11.097,10.973,11.034,39230
VNM,2010-09-22,1285113600,11.034,11.034,10.973,11.034,23130
VNM,2010-09-23,1285200000,11.034,11.034,10.973,10.973,55410
VNM,2010-09-24,1285286400,11.097,11.097,10.849,10.911,38170
VNM,2010-09-27,1285545600,10.911,10.973,10.911,10.973,33560
VNM,2010-09-28,1285632000,10.911,10.973,10.911,10.973,16570
VNM,2010-09-29,1285718400,10.973,11.034,10.911,10.973,34830
VNM,2010-09-30,1285804800,10.911,10.973,10.911,10.973,21220
VNM,2010-10-01,1285891200,10.849,10.973,10.849,10.973,8270
VNM,2010-10-04,1286150400,10.973,10.973,10.849,10.849,38230
VNM,2010-10-05,1286236800,10.784,10.849,10.723,10.784,19720
VNM,2010-10-06,1286323200,10.911,10.911,10.784,10.911,35350
VNM,2010-10-07,1286409600,10.911,10.973,10.784,10.849,23270
VNM,2010-10-08,1286496000,10.911,10.973,10.784,10.911,16050
VNM,2010-10-11,1286755200,10.849,11.034,10.849,10.973,24700
VNM,2010-10-12,1286841600,10.973,10.973,10.911,10.973,21200
VNM,2010-10-13,1286928000,10.973,11.034,10.911,10.973,28790
VNM,2010-10-14,1287014400,10.973,11.034,10.973,11.034,15340
VNM,2010-10-15,1287100800,10.973,11.034,10.973,10.973,83480
VNM,2010-10-18,1287360000,10.973,11.034,10.911,10.973,15240
VNM,2010-10-19,1287446400,10.973,10.973,10.849,10.911,91510
VNM,2010-10-20,1287532800,10.849,10.849,10.661,10.784,105630
VNM,2010-10-21,1287619200,10.973,10.973,10.784,10.849,48370
VNM,2010-10-22,1287705600,10.911,10.973,10.784,10.849,43050
VNM,2010-10-25,1287964800,10.723,10.911,10.723,10.849,31540
VNM,2010-10-26,1288051200,10.911,10.911,10.784,10.849,33970
VNM,2010-10-27,1288137600,10.849,10.849,10.723,10.723,47890
VNM,2010-10-28,1288224000,10.723,10.784,10.723,10.784,10870
VNM,2010-10-29,1288310400,10.784,10.784,10.723,10.784,48760
VNM,2010-11-01,1288569600,10.784,10.784,10.723,10.723,27100
VNM,2010-11-02,1288656000,10.784,10.784,10.661,10.723,38740
VNM,2010-11-03,1288742400,10.661,10.723,10.601,10.723,50860
VNM,2010-11-04,1288828800,10.784,10.784,10.661,10.723,79540
VNM,2010-11-05,1288915200,10.723,10.784,10.723,10.723,61840
VNM,2010-11-08,1289174400,10.723,10.723,10.661,10.661,75230
VNM,2010-11-09,1289260800,10.661,10.661,10.539,10.601,65590
VNM,2010-11-10,1289347200,10.539,10.661,10.539,10.601,33400
VNM,2010-11-11,1289433600,10.476,10.601,10.476,10.539,33700
VNM,2010-11-12,1289520000,10.539,10.539,10.353,10.416,54830
VNM,2010-11-15,1289779200,10.416,10.476,10.289,10.353,58350
VNM,2010-11-16,1289865600,10.289,10.353,10.166,10.228,66320
VNM,2010-11-17,1289952000,10.228,10.416,10.228,10.353,45640
VNM,2010-11-18,1290038400,10.353,10.476,10.353,10.476,29250
VNM,2010-11-19,1290124800,10.539,10.539,10.353,10.416,47790
VNM,2010-11-22,1290384000,10.476,10.476,10.166,10.416,33400
VNM,2010-11-23,1290470400,10.289,10.476,10.289,10.416,15310
VNM,2010-11-24,1290556800,10.539,10.539,10.353,10.476,10280
VNM,2010-11-25,1290643200,10.416,10.539,10.353,10.476,7930
VNM,2010-11-26,1290729600,10.476,10.476,10.353,10.476,12010
VNM,2010-11-29,1290988800,10.289,10.476,10.289,10.476,22740
VNM,2010-11-30,1291075200,10.353,10.601,10.353,10.476,31830
VNM,2010-12-01,1291161600,10.476,10.539,10.416,10.416,24450
VNM,2010-12-02,1291248000,10.416,10.476,10.353,10.476,28410
VNM,2010-12-03,1291334400,10.539,10.601,10.476,10.539,52800
VNM,2010-12-06,1291593600,10.539,10.601,10.476,10.476,35070
VNM,2010-12-07,1291680000,10.416,10.476,10.353,10.476,32490
VNM,2010-12-08,1291766400,10.476,10.539,10.416,10.416,30360
VNM,2010-12-09,1291852800,10.416,10.601,10.416,10.601,45780
VNM,2010-12-10,1291939200,10.661,10.661,10.601,10.661,39800
VNM,2010-12-13,1292198400,10.849,10.849,10.726,10.849,52730
VNM,2010-12-14,1292284800,10.846,10.846,10.476,10.723,39360
VNM,2010-12-15,1292371200,10.784,10.784,10.661,10.723,17900
VNM,2010-12-16,1292457600,10.539,10.723,10.539,10.661,21920
VNM,2010-12-17,1292544000,10.661,10.661,10.539,10.539,59800
VNM,2010-12-20,1292803200,10.723,10.723,10.539,10.601,28330
VNM,2010-12-21,1292889600,10.476,10.723,10.476,10.723,56180
VNM,2010-12-22,1292976000,10.784,10.784,10.539,10.661,16810
VNM,2010-12-23,1293062400,10.723,10.723,10.539,10.601,15090
VNM,2010-12-24,1293148800,10.723,10.723,10.539,10.539,27000
VNM,2010-12-27,1293408000,10.661,10.661,10.539,10.601,15330
VNM,2010-12-28,1293494400,10.601,10.661,10.539,10.539,36050
VNM,2010-12-29,1293580800,10.661,10.661,10.539,10.661,11030
VNM,2010-12-30,1293667200,10.85,10.85,10.725,10.85,5290
VNM,2010-12-31,1293753600,10.85,10.85,10.787,10.85,31120
VNM,2011-01-04,1294099200,10.85,10.85,10.725,10.787,26910
VNM,2011-01-05,1294185600,10.787,10.787,10.66,10.725,12590
VNM,2011-01-06,1294272000,10.725,10.787,10.66,10.725,47110
VNM,2011-01-07,1294358400,10.787,10.787,10.725,10.725,13580
VNM,2011-01-10,1294617600,10.85,10.85,10.725,10.787,27120
VNM,2011-01-11,1294704000,10.787,10.85,10.66,10.787,16560
VNM,2011-01-12,1294790400,10.85,10.85,10.725,10.787,11280
VNM,2011-01-13,1294876800,10.85,10.85,10.787,10.787,45060
VNM,2011-01-14,1294963200,10.85,10.85,10.787,10.85,17220
VNM,2011-01-17,1295222400,10.85,10.914,10.787,10.787,37620
VNM,2011-01-18,1295308800,10.85,10.85,10.787,10.787,22280
VNM,2011-01-19,1295395200,10.787,10.85,10.725,10.787,36620
VNM,2011-01-20,1295481600,10.725,11.293,10.725,11.293,237610
VNM,2011-01-21,1295568000,11.796,11.796,11.293,11.293,332480
VNM,2011-01-24,1295827200,12.365,12.365,12.049,12.365,713730
VNM,2011-01-25,1295913600,12.301,12.301,12.111,12.111,192590
VNM,2011-01-26,1296000000,11.859,11.859,11.67,11.67,232080
VNM,2011-01-27,1296086400,11.734,11.734,11.544,11.67,117530
VNM,2011-01-28,1296172800,11.67,11.859,11.67,11.796,73970
VNM,2011-02-08,1297123200,11.924,11.924,11.67,11.796,95990
VNM,2011-02-09,1297209600,11.796,11.796,11.544,11.544,162810
VNM,2011-02-10,1297296000,11.544,11.608,11.418,11.544,132900
VNM,2011-02-11,1297382400,11.67,11.67,11.608,11.67,35170
VNM,2011-02-14,1297641600,11.608,11.734,11.544,11.544,53010
VNM,2011-02-15,1297728000,11.482,11.67,11.482,11.608,56040
VNM,2011-02-16,1297814400,11.608,11.67,11.608,11.608,46710
VNM,2011-02-17,1297900800,11.544,11.608,11.482,11.544,53440
VNM,2011-02-18,1297987200,11.482,11.544,11.354,11.354,130160
VNM,2011-02-21,1298246400,11.354,11.354,10.914,10.977,183670
VNM,2011-02-22,1298332800,10.914,11.103,10.725,10.914,128830
VNM,2011-02-23,1298419200,11.039,11.166,11.039,11.039,69450
VNM,2011-02-24,1298505600,10.85,11.039,10.725,10.977,181070
VNM,2011-02-25,1298592000,11.039,11.229,10.977,11.166,29460
VNM,2011-02-28,1298851200,11.103,11.229,11.103,11.166,48160
VNM,2011-03-01,1298937600,11.166,11.166,11.103,11.166,33310
VNM,2011-03-02,1299024000,11.166,11.166,10.914,10.977,54630
VNM,2011-03-03,1299110400,10.914,11.039,10.914,11.039,35200
VNM,2011-03-04,1299196800,10.914,11.103,10.914,11.103,45380
VNM,2011-03-07,1299456000,11.166,11.354,11.103,11.229,74320
VNM,2011-03-08,1299542400,11.293,11.734,11.293,11.734,147330
VNM,2011-03-09,1299628800,11.987,11.987,11.544,11.608,100250
VNM,2011-03-10,1299715200,11.608,11.67,11.418,11.608,76330
VNM,2011-03-11,1299801600,11.67,11.67,11.544,11.608,84430
VNM,2011-03-14,1300060800,11.544,11.608,11.482,11.482,74990
VNM,2011-03-15,1300147200,11.418,11.482,11.293,11.293,116260
VNM,2011-03-16,1300233600,11.354,11.354,11.229,11.293,55610
VNM,2011-03-17,1300320000,11.293,11.418,11.229,11.293,71250
VNM,2011-03-18,1300406400,11.418,11.67,11.418,11.608,56490
VNM,2011-03-21,1300665600,11.608,11.796,11.544,11.608,79290
VNM,2011-03-22,1300752000,11.67,11.796,11.608,11.67,127980
VNM,2011-03-23,1300838400,11.67,12.175,11.67,12.049,307480
VNM,2011-03-24,1300924800,12.049,12.111,11.924,11.924,121380
VNM,2011-03-25,1301011200,11.859,11.924,11.734,11.924,109040
VNM,2011-03-28,1301270400,11.924,11.924,11.796,11.859,66650
VNM,2011-03-29,1301356800,11.734,11.859,11.67,11.796,125060
VNM,2011-03-30,1301443200,11.734,11.734,11.608,11.734,71380
VNM,2011-03-31,1301529600,11.608,11.734,11.608,11.608,70040
VNM,2011-04-01,1301616000,11.544,11.987,11.544,11.924,126620
VNM,2011-04-04,1301875200,12.175,12.492,12.111,12.365,404480
VNM,2011-04-05,1301961600,12.111,12.238,11.859,11.924,412290
VNM,2011-04-06,1302048000,11.924,12.049,11.734,12.049,102230
VNM,2011-04-07,1302134400,11.987,12.049,11.859,12.049,61300
VNM,2011-04-08,1302220800,12.049,12.175,11.924,12.175,115640
VNM,2011-04-13,1302652800,12.111,12.175,12.111,12.111,84540
VNM,2011-04-14,1302739200,12.049,12.111,11.987,11.987,50140
VNM,2011-04-15,1302825600,11.987,11.987,11.987,11.987,43550
VNM,2011-04-18,1303084800,11.924,11.924,11.796,11.796,4891
VNM,2011-04-19,1303171200,11.859,11.859,11.796,11.796,29660
VNM,2011-04-20,1303257600,11.859,11.924,11.859,11.924,51790
VNM,2011-04-21,1303344000,11.924,12.049,11.924,11.987,69590
VNM,2011-04-22,1303430400,11.987,11.987,11.924,11.987,36080
VNM,2011-04-25,1303689600,11.987,12.111,11.924,12.111,37690
VNM,2011-04-26,1303776000,12.111,12.365,12.111,12.301,147250
VNM,2011-04-27,1303862400,12.429,12.869,12.429,12.869,395560
VNM,2011-04-28,1303948800,13.119,13.498,13.119,13.249,392210
VNM,2011-04-29,1304035200,13.373,13.373,13.119,13.249,89040
VNM,2011-05-04,1304467200,13.373,13.752,13.373,13.625,215760
VNM,2011-05-05,1304553600,13.625,13.625,13.249,13.498,135900
VNM,2011-05-06,1304640000,13.373,13.498,13.249,13.498,222710
VNM,2011-05-09,1304899200,13.498,13.752,13.373,13.625,128850
VNM,2011-05-10,1304985600,13.752,13.752,13.625,13.752,64080
VNM,2011-05-11,1305072000,13.752,14.383,13.752,14.383,207690
VNM,2011-05-12,1305158400,14.383,14.507,14.256,14.383,88210
VNM,2011-05-13,1305244800,14.256,14.383,14.13,14.13,90260
VNM,2011-05-16,1305504000,14.13,14.256,13.878,13.878,125680
VNM,2011-05-17,1305590400,14.006,14.383,14.006,14.256,171320
VNM,2011-05-18,1305676800,14.256,14.383,14.006,14.383,144330
VNM,2011-05-19,1305763200,14.383,14.507,14.256,14.256,104890
VNM,2011-05-20,1305849600,14.13,14.13,13.625,13.625,334050
VNM,2011-05-23,1306108800,13.249,13.498,12.994,12.994,377510
VNM,2011-05-24,1306195200,12.492,12.617,12.365,12.365,394970
VNM,2011-05-25,1306281600,11.859,11.987,11.796,11.796,304800
VNM,2011-05-26,1306368000,11.293,12.365,11.229,12.365,269540
VNM,2011-05-27,1306454400,12.617,12.869,12.492,12.869,102480
VNM,2011-05-30,1306713600,12.869,12.994,12.365,12.365,89320
VNM,2011-05-31,1306800000,12.365,12.869,12.365,12.869,78660
VNM,2011-06-01,1306886400,12.869,13.498,12.617,13.249,135660
VNM,2011-06-02,1306972800,13.373,13.625,13.119,13.249,141980
VNM,2011-06-03,1307059200,13.249,13.249,12.617,12.869,108310
VNM,2011-06-06,1307318400,12.617,12.742,12.429,12.492,100820
VNM,2011-06-07,1307404800,12.617,12.994,12.617,12.994,191290
VNM,2011-06-08,1307491200,12.869,13.373,12.869,13.119,62420
VNM,2011-06-09,1307577600,12.994,13.119,12.994,13.119,49090
VNM,2011-06-10,1307664000,12.994,13.373,12.994,13.119,95480
VNM,2011-06-13,1307923200,13.119,13.373,12.994,13.249,205940
VNM,2011-06-14,1308009600,13.119,13.625,13.119,13.373,117440
VNM,2011-06-15,1308096000,13.498,13.498,13.119,13.249,95850
VNM,2011-06-16,1308182400,13.373,13.373,13.249,13.249,18610
VNM,2011-06-17,1308268800,13.373,13.373,13.249,13.373,31690
VNM,2011-06-20,1308528000,13.373,13.498,13.373,13.373,59140
VNM,2011-06-21,1308614400,13.498,14.006,13.498,14.006,187080
VNM,2011-06-22,1308700800,14.383,14.507,13.878,14.006,234510
VNM,2011-06-23,1308787200,14.13,14.256,13.878,13.878,66850
VNM,2011-06-24,1308873600,13.625,13.878,13.498,13.878,99330
VNM,2011-06-27,1309132800,14.507,14.507,14.006,14.256,268890
VNM,2011-06-28,1309219200,14.13,14.13,13.752,13.878,78210
VNM,2011-06-29,1309305600,13.625,13.878,13.625,13.878,506490
VNM,2011-06-30,1309392000,13.752,14.006,13.752,13.752,44530
VNM,2011-07-01,1309478400,13.752,13.878,13.625,13.878,115580
VNM,2011-07-04,1309737600,14.22,14.256,13.752,14.256,52080
VNM,2011-07-05,1309824000,14.256,14.763,14.256,14.507,85730
VNM,2011-07-06,1309910400,14.636,14.636,14.383,14.507,38950
VNM,2011-07-07,1309996800,14.385,14.507,14.383,14.507,37050
VNM,2011-07-08,1310083200,14.507,14.507,14.383,14.507,17190
VNM,2011-07-11,1310342400,14.509,14.509,14.256,14.383,15590
VNM,2011-07-12,1310428800,14.383,14.383,14.256,14.383,37450
VNM,2011-07-13,1310515200,14.507,14.507,14.256,14.256,30440
VNM,2011-07-14,1310601600,14.256,14.256,14.13,14.13,34560
VNM,2011-07-15,1310688000,14.13,14.256,14.13,14.256,27510
VNM,2011-07-18,1310947200,14.385,14.385,14.13,14.256,2142
VNM,2011-07-19,1311033600,14.258,14.258,14.006,14.256,28770
VNM,2011-07-20,1311120000,14.13,14.256,14.006,14.256,29440
VNM,2011-07-21,1311206400,14.256,14.383,14.256,14.383,15450
VNM,2011-07-22,1311292800,14.383,14.383,14.256,14.383,3970
VNM,2011-07-25,1311552000,14.256,14.507,14.256,14.507,23370
VNM,2011-07-26,1311638400,14.507,14.507,14.383,14.507,32750
VNM,2011-07-27,1311724800,14.385,14.507,14.383,14.383,42070
VNM,2011-07-28,1311811200,14.385,14.507,14.256,14.383,73650
VNM,2011-07-29,1311897600,14.383,14.507,14.256,14.507,18760
VNM,2011-08-01,1312156800,14.507,14.507,14.383,14.383,21910
VNM,2011-08-02,1312243200,14.385,14.507,14.383,14.383,35470
VNM,2011-08-03,1312329600,14.385,14.507,14.256,14.383,50780
VNM,2011-08-04,1312416000,14.509,14.509,14.383,14.383,41060
VNM,2011-08-05,1312502400,14.509,14.509,14.383,14.507,17830
VNM,2011-08-08,1312761600,14.383,14.507,14.383,14.383,16470
VNM,2011-08-09,1312848000,14.385,14.385,14.256,14.256,110330
VNM,2011-08-10,1312934400,14.256,14.507,14.256,14.507,26260
VNM,2011-08-11,1313020800,14.385,14.507,14.383,14.507,239130
VNM,2011-08-12,1313107200,14.383,14.636,14.383,14.507,48290
VNM,2011-08-15,1313366400,14.383,14.636,14.383,14.507,29920
VNM,2011-08-16,1313452800,14.637,14.763,14.507,14.636,26720
VNM,2011-08-17,1313539200,14.636,15.014,14.636,14.763,14410
VNM,2011-08-18,1313625600,14.763,14.763,14.636,14.763,44210
VNM,2011-08-19,1313712000,14.763,14.763,14.636,14.763,14390
VNM,2011-08-22,1313971200,14.763,14.763,14.636,14.763,38740
VNM,2011-08-23,1314057600,14.763,14.887,14.636,14.887,17350
VNM,2011-08-24,1314144000,15.141,15.141,14.887,15.014,24840
VNM,2011-08-25,1314230400,15.014,15.014,14.887,15.014,13780
VNM,2011-08-26,1314316800,15.014,15.141,15.014,15.141,10570
VNM,2011-08-29,1314576000,15.141,15.392,15.141,15.392,29470
VNM,2011-08-30,1314662400,15.77,16.024,15.646,15.897,27280
VNM,2011-08-31,1314748800,16.024,16.024,15.77,15.897,33460
VNM,2011-09-01,1314835200,16.024,16.149,16.024,16.149,52200
VNM,2011-09-05,1315180800,16.149,16.403,15.77,16.024,36040
VNM,2011-09-06,1315267200,15.897,16.149,15.77,16.149,34500
VNM,2011-09-07,1315353600,16.403,16.527,16.024,16.403,49590
VNM,2011-09-08,1315440000,16.403,16.654,16.403,16.527,22370
VNM,2011-09-09,1315526400,16.403,16.527,16.403,16.527,13860
VNM,2011-09-12,1315785600,16.781,16.781,16.527,16.781,36180
VNM,2011-09-13,1315872000,17.037,17.037,16.781,16.781,29770
VNM,2011-09-14,1315958400,16.781,16.781,16.14,16.268,71230
VNM,2011-09-15,1316044800,16.14,16.397,16.012,16.14,38280
VNM,2011-09-16,1316131200,16.14,16.268,16.012,16.14,9340
VNM,2011-09-19,1316390400,16.397,16.397,16.012,16.268,16810
VNM,2011-09-20,1316476800,16.397,16.397,16.14,16.397,11080
VNM,2011-09-21,1316563200,16.397,16.652,16.397,16.652,18650
VNM,2011-09-22,1316649600,16.781,16.781,16.522,16.522,27750
VNM,2011-09-23,1316736000,16.268,16.522,16.14,16.522,25360
VNM,2011-09-26,1316995200,16.268,16.652,16.268,16.268,16220
VNM,2011-09-27,1317081600,16.268,16.268,16.14,16.268,31660
VNM,2011-09-28,1317168000,16.397,16.522,16.268,16.397,26870
VNM,2011-09-29,1317254400,16.14,16.397,16.14,16.14,20480
VNM,2011-09-30,1317340800,16.14,16.14,15.884,16.012,84360
VNM,2011-10-03,1317600000,16.012,16.14,15.884,16.14,39150
VNM,2011-10-04,1317686400,15.884,16.14,15.884,16.012,11840
VNM,2011-10-05,1317772800,16.14,16.14,16.012,16.14,4760
VNM,2011-10-06,1317859200,16.397,16.397,16.14,16.397,42090
VNM,2011-10-07,1317945600,16.397,16.652,16.268,16.652,63870
VNM,2011-10-10,1318204800,16.652,16.652,16.268,16.522,23710
VNM,2011-10-11,1318291200,16.397,16.522,16.268,16.397,28970
VNM,2011-10-12,1318377600,16.268,16.268,16.14,16.268,30310
VNM,2011-10-13,1318464000,16.397,16.397,16.268,16.268,5220
VNM,2011-10-14,1318550400,16.268,16.522,16.268,16.397,8620
VNM,2011-10-17,1318809600,16.397,16.397,16.268,16.268,12340
VNM,2011-10-18,1318896000,16.268,16.268,16.14,16.268,11450
VNM,2011-10-19,1318982400,16.268,16.268,16.14,16.14,9190
VNM,2011-10-20,1319068800,16.14,16.268,16.012,16.268,17960
VNM,2011-10-21,1319155200,16.14,16.397,16.14,16.397,13840
VNM,2011-10-24,1319414400,16.397,16.397,16.14,16.268,16980
VNM,2011-10-25,1319500800,16.268,16.268,16.268,16.268,17430
VNM,2011-10-26,1319587200,16.268,16.268,16.14,16.14,17120
VNM,2011-10-27,1319673600,16.268,16.268,16.14,16.268,8320
VNM,2011-10-28,1319760000,16.268,16.397,16.14,16.397,36340
VNM,2011-10-31,1320019200,16.397,16.397,16.268,16.268,23610
VNM,2011-11-01,1320105600,16.397,16.397,16.268,16.268,13390
VNM,2011-11-02,1320192000,16.522,17.037,16.522,17.037,77830
VNM,2011-11-03,1320278400,17.293,17.42,17.165,17.293,27160
VNM,2011-11-04,1320364800,17.677,18.062,17.42,17.933,89310
VNM,2011-11-07,1320624000,18.062,18.828,18.062,18.446,64240
VNM,2011-11-08,1320710400,18.573,18.573,18.189,18.446,39610
VNM,2011-11-09,1320796800,18.446,18.446,18.062,18.189,49630
VNM,2011-11-10,1320883200,18.062,18.062,17.677,17.677,65310
VNM,2011-11-11,1320969600,17.677,17.806,17.548,17.677,39150
VNM,2011-11-14,1321228800,17.933,17.933,17.548,17.933,29330
VNM,2011-11-15,1321315200,18.062,18.062,17.806,17.806,37950
VNM,2011-11-16,1321401600,17.806,17.933,17.806,17.806,24020
VNM,2011-11-17,1321488000,17.677,17.677,17.42,17.42,67630
VNM,2011-11-18,1321574400,17.42,17.42,17.293,17.42,44820
VNM,2011-11-21,1321833600,17.677,18.189,17.548,18.189,110960
VNM,2011-11-22,1321920000,18.446,18.446,18.189,18.189,14750
VNM,2011-11-23,1322006400,18.189,18.189,17.933,18.189,18580
VNM,2011-11-24,1322092800,17.933,17.933,17.677,17.677,42920
VNM,2011-11-25,1322179200,17.165,17.677,17.165,17.548,137680
VNM,2011-11-28,1322438400,17.42,17.677,17.293,17.42,144480
VNM,2011-11-29,1322524800,18.253,18.253,17.774,17.774,97420
VNM,2011-11-30,1322611200,17.677,17.677,17.389,17.58,62840
VNM,2011-12-01,1322697600,17.58,17.677,17.485,17.58,53290
VNM,2011-12-02,1322784000,17.774,17.774,17.485,17.58,25460
VNM,2011-12-05,1323043200,17.58,17.774,17.485,17.677,29060
VNM,2011-12-06,1323129600,17.774,17.774,17.677,17.677,51160
VNM,2011-12-07,1323216000,17.677,17.774,17.58,17.677,28330
VNM,2011-12-08,1323302400,17.677,17.774,17.58,17.677,31310
VNM,2011-12-09,1323388800,17.58,17.774,17.58,17.677,39340
VNM,2011-12-12,1323648000,17.869,17.869,17.485,17.58,63750
VNM,2011-12-13,1323734400,17.58,17.58,17.293,17.293,61730
VNM,2011-12-14,1323820800,17.485,17.485,17.195,17.195,38580
VNM,2011-12-15,1323907200,17.101,17.389,17.101,17.293,51420
VNM,2011-12-16,1323993600,17.389,17.485,17.293,17.389,15010
VNM,2011-12-19,1324252800,17.58,17.58,17.389,17.58,24600
VNM,2011-12-20,1324339200,17.677,17.774,17.58,17.677,46580
VNM,2011-12-21,1324425600,17.677,17.774,17.677,17.677,27170
VNM,2011-12-22,1324512000,17.677,17.677,17.293,17.389,41350
VNM,2011-12-23,1324598400,16.908,17.389,16.908,17.195,24780
VNM,2011-12-26,1324857600,17.389,17.389,17.006,17.101,37980
VNM,2011-12-27,1324944000,17.101,17.195,17.006,17.101,28240
VNM,2011-12-28,1325030400,17.195,17.195,17.006,17.195,25500
VNM,2011-12-29,1325116800,17.195,17.195,17.101,17.101,18900
VNM,2011-12-30,1325203200,17.101,17.101,16.62,16.62,123160
VNM,2012-01-03,1325548800,16.332,16.426,16.041,16.236,122220
VNM,2012-01-04,1325635200,16.041,16.041,15.851,15.851,113820
VNM,2012-01-05,1325721600,15.467,15.563,15.177,15.276,157620
VNM,2012-01-06,1325808000,14.987,15.757,14.987,15.467,81310
VNM,2012-01-09,1326067200,15.467,15.563,15.276,15.563,28260
VNM,2012-01-10,1326153600,15.467,15.659,15.37,15.563,33380
VNM,2012-01-11,1326240000,15.563,15.659,15.467,15.563,34870
VNM,2012-01-12,1326326400,15.37,15.563,15.37,15.563,24450
VNM,2012-01-13,1326412800,15.37,15.757,15.37,15.757,47950
VNM,2012-01-16,1326672000,15.659,16.332,15.659,16.236,86260
VNM,2012-01-17,1326758400,16.236,16.522,16.236,16.332,83290
VNM,2012-01-18,1326844800,16.332,16.522,16.236,16.236,51380
VNM,2012-01-19,1326931200,16.14,16.332,16.14,16.332,71610
VNM,2012-01-20,1327017600,16.426,16.522,16.236,16.236,69000
VNM,2012-01-30,1327881600,16.236,16.332,16.236,16.332,36330
VNM,2012-01-31,1327968000,16.426,16.716,16.426,16.522,65290
VNM,2012-02-01,1328054400,16.522,16.62,16.426,16.62,76400
VNM,2012-02-02,1328140800,16.716,16.908,16.62,16.908,84150
VNM,2012-02-03,1328227200,16.908,17.293,16.813,16.813,93970
VNM,2012-02-06,1328486400,16.813,16.813,16.716,16.716,41690
VNM,2012-02-07,1328572800,16.716,16.716,16.62,16.716,52570
VNM,2012-02-08,1328659200,16.716,16.813,16.62,16.813,38740
VNM,2012-02-09,1328745600,16.908,17.006,16.813,17.006,88490
VNM,2012-02-10,1328832000,17.006,17.006,16.813,16.813,58100
VNM,2012-02-13,1329091200,16.813,16.813,16.716,16.716,44190
VNM,2012-02-14,1329177600,16.716,17.006,16.716,16.813,102980
VNM,2012-02-15,1329264000,16.813,16.908,16.716,16.908,53070
VNM,2012-02-16,1329350400,16.813,17.006,16.813,17.006,51650
VNM,2012-02-17,1329436800,17.006,17.58,17.006,17.485,187050
VNM,2012-02-20,1329696000,17.485,17.774,17.485,17.677,147320
VNM,2012-02-21,1329782400,17.677,17.774,17.58,17.58,125680
VNM,2012-02-22,1329868800,17.58,17.677,17.485,17.58,33410
VNM,2012-02-23,1329955200,17.58,17.677,17.389,17.677,125140
VNM,2012-02-24,1330041600,17.677,17.774,17.58,17.58,74330
VNM,2012-02-27,1330300800,17.485,17.677,17.485,17.58,39620
VNM,2012-02-28,1330387200,17.485,17.58,17.389,17.485,78200
VNM,2012-02-29,1330473600,17.389,17.58,17.389,17.485,49630
VNM,2012-03-01,1330560000,17.485,17.485,17.389,17.389,65630
VNM,2012-03-02,1330646400,17.389,17.485,17.293,17.485,66390
VNM,2012-03-05,1330905600,17.58,18.351,17.58,18.351,286510
VNM,2012-03-06,1330992000,18.446,18.636,17.677,17.774,123860
VNM,2012-03-07,1331078400,17.869,17.964,17.677,17.964,99820
VNM,2012-03-08,1331164800,17.774,17.964,17.58,17.58,69380
VNM,2012-03-09,1331251200,17.677,17.677,17.485,17.485,99620
VNM,2012-03-12,1331510400,17.58,17.58,17.58,17.58,0
VNM,2012-03-13,1331596800,17.58,17.677,17.485,17.58,47600
VNM,2012-03-14,1331683200,17.58,17.774,17.58,17.58,127380
VNM,2012-03-15,1331769600,17.677,17.774,17.58,17.774,47290
VNM,2012-03-16,1331856000,17.58,17.774,17.58,17.58,44730
VNM,2012-03-19,1332115200,17.485,17.677,17.485,17.58,31000
VNM,2012-03-20,1332201600,17.58,17.677,17.485,17.58,48840
VNM,2012-03-21,1332288000,17.677,17.677,17.58,17.58,74890
VNM,2012-03-22,1332374400,17.58,17.677,17.58,17.58,65490
VNM,2012-03-23,1332460800,17.58,18.446,17.58,18.446,268540
VNM,2012-03-26,1332720000,18.157,18.636,18.062,18.157,112890
VNM,2012-03-27,1332806400,18.157,18.157,17.774,17.774,124680
VNM,2012-03-28,1332892800,17.774,18.062,17.774,17.964,75600
VNM,2012-03-29,1332979200,17.964,17.964,17.774,17.774,120740
VNM,2012-03-30,1333065600,17.869,17.869,17.677,17.677,65720
VNM,2012-04-03,1333411200,17.677,17.869,17.58,17.869,53400
VNM,2012-04-04,1333497600,17.869,17.869,17.774,17.869,25930
VNM,2012-04-05,1333584000,17.774,17.964,17.774,17.869,69230
VNM,2012-04-06,1333670400,18.163,18.262,18.065,18.163,68510
VNM,2012-04-09,1333929600,18.065,18.163,18.065,18.065,37260
VNM,2012-04-10,1334016000,18.065,18.163,17.967,17.967,56370
VNM,2012-04-11,1334102400,17.967,18.065,17.869,17.967,106860
VNM,2012-04-12,1334188800,18.065,18.065,17.869,17.967,112730
VNM,2012-04-13,1334275200,17.967,18.065,17.869,17.869,57860
VNM,2012-04-16,1334534400,17.967,18.065,17.869,17.869,76040
VNM,2012-04-17,1334620800,17.869,17.869,17.771,17.869,43590
VNM,2012-04-18,1334707200,17.869,17.967,17.771,17.869,63330
VNM,2012-04-19,1334793600,17.869,17.869,17.672,17.672,46850
VNM,2012-04-20,1334880000,17.672,17.771,17.672,17.672,35510
VNM,2012-04-23,1335139200,17.672,17.771,17.672,17.672,38710
VNM,2012-04-24,1335225600,17.672,17.672,17.575,17.672,37120
VNM,2012-04-25,1335312000,17.672,17.771,17.575,17.672,63730
VNM,2012-04-26,1335398400,17.672,18.262,17.672,17.869,101530
VNM,2012-04-27,1335484800,17.869,17.869,17.771,17.771,54240
VNM,2012-05-02,1335916800,17.771,17.771,17.672,17.771,41370
VNM,2012-05-03,1336003200,17.771,17.771,17.575,17.672,64330
VNM,2012-05-04,1336089600,17.672,17.771,17.575,17.672,59720
VNM,2012-05-07,1336348800,17.672,17.869,17.672,17.672,69910
VNM,2012-05-08,1336435200,17.672,17.771,17.672,17.672,69000
VNM,2012-05-09,1336521600,17.672,17.771,17.575,17.771,43560
VNM,2012-05-10,1336608000,17.672,17.771,17.575,17.672,45530
VNM,2012-05-11,1336694400,17.672,17.771,17.575,17.672,50830
VNM,2012-05-14,1336953600,17.672,17.672,17.575,17.575,84350
VNM,2012-05-15,1337040000,17.575,17.672,17.476,17.476,67260
VNM,2012-05-16,1337126400,17.476,17.575,17.278,17.278,57190
VNM,2012-05-17,1337212800,17.378,17.476,17.278,17.278,27270
VNM,2012-05-18,1337299200,17.182,17.278,17.082,17.182,58560
VNM,2012-05-21,1337558400,17.278,17.476,17.278,17.476,14130
VNM,2012-05-22,1337644800,17.278,17.476,17.278,17.278,15730
VNM,2012-05-23,1337731200,17.182,17.278,17.182,17.182,40110
VNM,2012-05-24,1337817600,17.082,17.182,16.985,16.985,61880
VNM,2012-05-25,1337904000,16.985,17.278,16.985,17.182,82940
VNM,2012-05-28,1338163200,17.278,17.278,17.082,17.082,14950
VNM,2012-05-29,1338249600,17.082,17.182,16.985,17.182,15600
VNM,2012-05-30,1338336000,17.278,17.278,17.082,17.182,12400
VNM,2012-05-31,1338422400,16.985,17.182,16.985,16.985,42150
VNM,2012-06-01,1338508800,17.082,17.082,16.985,17.082,26750
VNM,2012-06-04,1338768000,16.985,17.082,16.887,16.887,12990
VNM,2012-06-05,1338854400,16.887,16.985,16.788,16.985,19660
VNM,2012-06-06,1338940800,17.082,17.082,16.788,16.887,32320
VNM,2012-06-07,1339027200,16.887,16.985,16.788,16.887,39360
VNM,2012-06-08,1339113600,16.887,17.082,16.788,16.788,33020
VNM,2012-06-11,1339372800,16.788,16.887,16.788,16.887,16730
VNM,2012-06-12,1339459200,16.788,16.887,16.692,16.887,45850
VNM,2012-06-13,1339545600,16.788,16.887,16.788,16.887,21900
VNM,2012-06-14,1339632000,16.887,17.082,16.887,16.985,42350
VNM,2012-06-15,1339718400,17.082,17.575,16.985,17.378,114830
VNM,2012-06-18,1339977600,17.378,17.378,17.182,17.278,40020
VNM,2012-06-19,1340064000,17.278,17.278,17.082,17.278,36490
VNM,2012-06-20,1340150400,17.278,17.278,17.082,17.182,25970
VNM,2012-06-21,1340236800,17.082,17.278,16.985,16.985,27850
VNM,2012-06-22,1340323200,17.082,17.082,16.887,16.985,15670
VNM,2012-06-25,1340582400,16.985,17.182,16.887,16.985,30180
VNM,2012-06-26,1340668800,16.887,16.985,16.788,16.887,0
VNM,2012-06-27,1340755200,16.887,16.887,16.887,16.887,16660
VNM,2012-06-28,1340841600,16.887,16.887,16.788,16.887,27000
VNM,2012-06-29,1340928000,16.985,17.278,16.788,17.278,39480
VNM,2012-07-02,1341187200,17.278,17.278,16.985,17.182,29330
VNM,2012-07-03,1341273600,17.082,17.082,16.887,17.082,20830
VNM,2012-07-04,1341360000,17.182,17.182,16.887,17.082,23450
VNM,2012-07-05,1341446400,17.082,17.182,16.985,17.082,36390
VNM,2012-07-06,1341532800,17.082,17.082,16.985,16.985,29930
VNM,2012-07-09,1341792000,16.887,16.985,16.788,16.788,49080
VNM,2012-07-10,1341878400,16.788,16.887,16.692,16.788,46570
VNM,2012-07-11,1341964800,16.788,16.887,16.788,16.887,18160
VNM,2012-07-12,1342051200,16.887,16.985,16.788,16.985,23980
VNM,2012-07-13,1342137600,17.082,17.182,16.887,17.182,62810
VNM,2012-07-16,1342396800,17.082,17.182,16.985,16.985,45300
VNM,2012-07-17,1342483200,16.887,17.082,16.887,16.985,18490
VNM,2012-07-18,1342569600,16.985,17.182,16.887,17.182,29510
VNM,2012-07-19,1342656000,17.082,17.182,16.985,17.182,30960
VNM,2012-07-20,1342742400,17.182,17.278,17.182,17.182,41430
VNM,2012-07-23,1343001600,17.182,17.278,17.082,17.082,35950
VNM,2012-07-24,1343088000,16.985,17.082,16.985,17.082,41530
VNM,2012-07-25,1343174400,17.082,17.082,16.985,17.082,33280
VNM,2012-07-26,1343260800,17.082,17.182,17.082,17.082,48780
VNM,2012-07-27,1343347200,17.082,17.182,16.985,17.082,29400
VNM,2012-07-30,1343606400,17.182,17.672,17.082,17.476,198350
VNM,2012-07-31,1343692800,17.476,17.575,17.378,17.575,55330
VNM,2012-08-01,1343779200,17.476,17.575,17.378,17.476,13990
VNM,2012-08-02,1343865600,18.262,18.262,18.262,18.262,122880
VNM,2012-08-03,1343952000,19.145,19.145,19.145,19.145,108780
VNM,2012-08-06,1344211200,20.029,20.029,19.636,20.029,476860
VNM,2012-08-07,1344297600,20.421,20.814,20.029,20.226,178470
VNM,2012-08-08,1344384000,20.029,20.226,19.636,20.029,126630
VNM,2012-08-09,1344470400,20.226,20.814,20.226,20.616,118430
VNM,2012-08-10,1344556800,20.421,20.616,20.226,20.421,110100
VNM,2012-08-13,1344816000,20.226,20.814,20.029,20.814,95640
VNM,2012-08-14,1344902400,21.009,21.796,20.814,21.796,305460
VNM,2012-08-15,1344988800,21.796,22.778,21.796,22.581,134530
VNM,2012-08-16,1345075200,22.778,23.17,21.796,22.19,124080
VNM,2012-08-17,1345161600,21.993,22.19,21.796,21.796,101660
VNM,2012-08-20,1345420800,21.796,22.19,21.796,21.993,145160
VNM,2012-08-21,1345507200,21.993,21.993,20.991,20.991,256230
VNM,2012-08-22,1345593600,20.193,21.792,20.193,21.392,169320
VNM,2012-08-23,1345680000,21.191,21.191,20.394,20.394,216030
VNM,2012-08-24,1345766400,19.593,20.991,19.593,20.792,304170
VNM,2012-08-27,1346025600,20.991,20.991,20.394,20.394,145740
VNM,2012-08-28,1346112000,20.394,20.792,20.193,20.593,83740
VNM,2012-08-29,1346198400,20.593,21.392,20.593,20.792,114520
VNM,2012-08-30,1346284800,20.792,20.991,20.593,20.593,87440
VNM,2012-08-31,1346371200,20.792,20.991,20.593,20.991,82000
VNM,2012-09-04,1346716800,20.991,21.392,20.991,21.392,92220
VNM,2012-09-05,1346803200,21.392,21.392,20.991,21.392,64770
VNM,2012-09-06,1346889600,21.191,21.392,20.991,20.991,84040
VNM,2012-09-07,1346976000,20.991,21.392,20.991,21.191,46090
VNM,2012-09-10,1347235200,20.991,21.191,20.593,20.792,72560
VNM,2012-09-11,1347321600,20.792,21.191,20.593,20.991,29820
VNM,2012-09-12,1347408000,21.191,21.392,20.991,21.191,32540
VNM,2012-09-13,1347494400,21.191,21.392,20.991,21.191,39500
VNM,2012-09-14,1347580800,21.392,22.192,21.392,21.993,226460
VNM,2012-09-17,1347840000,21.993,22.392,21.993,22.192,118120
VNM,2012-09-18,1347926400,22.192,22.392,21.593,21.593,134570
VNM,2012-09-19,1348012800,21.593,22.192,21.593,21.993,116200
VNM,2012-09-20,1348099200,21.993,22.192,21.593,21.993,142350
VNM,2012-09-21,1348185600,21.993,22.192,21.792,22.192,134960
VNM,2012-09-24,1348444800,21.993,22.392,21.993,21.993,52630
VNM,2012-09-25,1348531200,22.192,22.792,21.993,22.592,134760
VNM,2012-09-26,1348617600,22.592,23.392,22.592,23.193,276090
VNM,2012-09-27,1348704000,23.392,23.592,23.193,23.592,183340
VNM,2012-09-28,1348790400,23.392,23.99,23.193,23.392,195100
VNM,2012-10-01,1349049600,23.392,23.592,23.193,23.193,196700
VNM,2012-10-02,1349136000,23.193,23.193,22.792,22.792,152200
VNM,2012-10-03,1349222400,22.992,23.193,22.592,22.992,87060
VNM,2012-10-04,1349308800,23.193,23.193,22.792,22.992,67390
VNM,2012-10-05,1349395200,22.992,23.193,22.992,22.992,70040
VNM,2012-10-08,1349654400,22.992,23.792,22.992,23.592,182160
VNM,2012-10-09,1349740800,23.592,23.792,23.392,23.592,152500
VNM,2012-10-10,1349827200,23.592,23.592,23.392,23.592,38920
VNM,2012-10-11,1349913600,23.592,23.792,23.392,23.592,91520
VNM,2012-10-12,1350000000,23.592,23.792,23.392,23.592,66930
VNM,2012-10-15,1350259200,23.99,24.59,23.792,24.59,275440
VNM,2012-10-16,1350345600,24.59,25.791,24.59,25.591,135400
VNM,2012-10-17,1350432000,25.591,25.991,25.191,25.391,122380
VNM,2012-10-18,1350518400,25.391,25.991,25.391,25.991,162300
VNM,2012-10-19,1350604800,26.391,26.99,25.991,26.591,256170
VNM,2012-10-22,1350864000,26.591,27.191,26.591,27.191,217150
VNM,2012-10-23,1350950400,27.191,27.191,26.591,27.191,152970
VNM,2012-10-24,1351036800,27.191,27.39,26.591,26.591,159880
VNM,2012-10-25,1351123200,25.991,26.391,25.391,25.391,504420
VNM,2012-10-26,1351209600,25.391,25.991,25.191,25.791,116860
VNM,2012-10-29,1351468800,25.991,25.991,25.391,25.591,85000
VNM,2012-10-30,1351555200,25.791,25.791,25.391,25.391,92140
VNM,2012-10-31,1351641600,25.391,25.591,24.79,24.993,205220
VNM,2012-11-01,1351728000,24.993,25.391,24.993,25.391,100580
VNM,2012-11-02,1351814400,24.79,24.993,24.192,24.192,278080
VNM,2012-11-05,1352073600,24.192,25.191,23.99,25.191,118260
VNM,2012-11-06,1352160000,25.191,25.791,24.993,25.391,107980
VNM,2012-11-07,1352246400,25.591,25.591,25.191,25.391,56950
VNM,2012-11-08,1352332800,25.191,25.391,24.993,24.993,74470
VNM,2012-11-09,1352419200,24.993,25.391,24.993,25.191,44090
VNM,2012-11-12,1352678400,25.191,25.391,25.191,25.391,49590
VNM,2012-11-13,1352764800,25.391,25.591,25.191,25.191,85010
VNM,2012-11-14,1352851200,25.391,26.391,25.391,26.391,271050
VNM,2012-11-15,1352937600,26.99,27.191,26.192,26.391,163380
VNM,2012-11-16,1353024000,26.192,26.391,25.791,25.991,67040
VNM,2012-11-19,1353283200,25.991,26.192,25.591,25.791,75120
VNM,2012-11-20,1353369600,25.791,25.991,25.591,25.991,122810
VNM,2012-11-21,1353456000,26.192,26.591,25.991,25.991,104280
VNM,2012-11-22,1353542400,25.991,26.192,25.791,25.991,67600
VNM,2012-11-23,1353628800,25.991,26.192,25.591,25.991,133190
VNM,2012-11-26,1353888000,25.991,25.991,25.591,25.591,87520
VNM,2012-11-27,1353974400,25.591,25.791,25.591,25.791,53840
VNM,2012-11-28,1354060800,25.791,25.791,25.591,25.591,46200
VNM,2012-11-29,1354147200,25.791,25.991,25.591,25.791,63950
VNM,2012-11-30,1354233600,25.791,25.991,25.791,25.791,48300
VNM,2012-12-03,1354492800,25.791,25.991,25.591,25.791,30000
VNM,2012-12-04,1354579200,25.791,25.991,25.591,25.991,40200
VNM,2012-12-05,1354665600,25.991,26.391,25.991,26.192,81900
VNM,2012-12-06,1354752000,25.991,26.192,25.791,25.991,65680
VNM,2012-12-07,1354838400,25.991,26.192,25.791,25.991,48390
VNM,2012-12-10,1355097600,25.991,25.991,25.791,25.991,82630
VNM,2012-12-11,1355184000,25.991,25.991,25.591,25.591,97810
VNM,2012-12-12,1355270400,25.591,25.791,25.191,25.391,168940
VNM,2012-12-13,1355356800,25.391,25.591,25.191,25.391,110640
VNM,2012-12-14,1355443200,25.391,25.591,25.191,25.591,81460
VNM,2012-12-17,1355702400,25.591,25.591,24.993,24.993,163990
VNM,2012-12-18,1355788800,24.993,25.191,24.79,24.79,254070
VNM,2012-12-19,1355875200,25.791,25.791,25.342,25.342,432340
VNM,2012-12-20,1355961600,25.041,25.342,25.041,25.191,124180
VNM,2012-12-21,1356048000,25.041,25.191,24.742,24.891,109770
VNM,2012-12-24,1356307200,24.891,25.342,24.891,25.041,91700
VNM,2012-12-25,1356393600,25.191,25.492,25.041,25.492,124470
VNM,2012-12-26,1356480000,25.492,26.539,25.492,26.391,212250
VNM,2012-12-27,1356566400,26.539,26.841,26.241,26.391,188780
VNM,2012-12-28,1356652800,26.391,26.391,25.94,26.391,99400
VNM,2013-01-02,1357084800,26.241,26.391,26.09,26.09,199930
VNM,2013-01-03,1357171200,26.09,26.241,25.791,25.94,146370
VNM,2013-01-04,1357257600,25.791,26.391,25.791,26.391,147250
VNM,2013-01-07,1357516800,26.391,26.691,26.391,26.391,135530
VNM,2013-01-08,1357603200,26.391,27.59,26.391,27.59,629670
VNM,2013-01-09,1357689600,28.941,28.941,28.04,28.641,455050
VNM,2013-01-10,1357776000,28.641,29.99,28.488,29.99,593410
VNM,2013-01-11,1357862400,30.59,31.189,30.289,30.89,362160
VNM,2013-01-14,1358121600,30.289,30.59,29.539,29.837,371220
VNM,2013-01-15,1358208000,29.69,30.289,29.69,29.99,192400
VNM,2013-01-16,1358294400,29.99,30.289,29.69,29.837,215810
VNM,2013-01-17,1358380800,29.837,29.837,29.39,29.39,291160
VNM,2013-01-18,1358467200,29.39,29.539,28.941,29.239,206860
VNM,2013-01-21,1358726400,29.39,29.539,28.941,28.941,75950
VNM,2013-01-22,1358812800,28.791,29.239,28.641,28.941,246990
VNM,2013-01-23,1358899200,29.39,30.289,29.39,29.39,250560
VNM,2013-01-24,1358985600,29.39,29.837,29.39,29.69,160380
VNM,2013-01-25,1359072000,29.69,29.99,29.539,29.837,430810
VNM,2013-01-28,1359331200,29.99,31.789,29.99,31.49,657030
VNM,2013-01-29,1359417600,31.189,31.49,30.59,31.189,273610
VNM,2013-01-30,1359504000,30.89,31.189,30.59,30.89,245500
VNM,2013-01-31,1359590400,30.59,30.89,30.289,30.289,169570
VNM,2013-02-01,1359676800,29.99,30.59,29.837,30.59,277990
VNM,2013-02-04,1359936000,30.59,30.59,30.289,30.289,117260
VNM,2013-02-05,1360022400,30.59,30.59,29.837,29.837,432970
VNM,2013-02-06,1360108800,29.837,30.89,29.837,30.89,187250
VNM,2013-02-07,1360195200,30.59,30.89,30.59,30.59,105610
VNM,2013-02-08,1360281600,30.59,30.89,30.289,30.59,78380
VNM,2013-02-18,1361145600,30.89,30.89,30.289,30.59,125690
VNM,2013-02-19,1361232000,30.289,30.89,30.289,30.289,185290
VNM,2013-02-20,1361318400,30.289,32.088,29.99,31.189,466760
VNM,2013-02-21,1361404800,31.49,31.49,30.289,30.289,236050
VNM,2013-02-22,1361491200,30.59,31.189,29.99,30.59,348530
VNM,2013-02-25,1361750400,30.89,31.189,30.59,30.89,167680
VNM,2013-02-26,1361836800,30.89,31.189,30.289,30.289,193660
VNM,2013-02-27,1361923200,30.59,30.89,30.289,30.59,129120
VNM,2013-02-28,1362009600,30.89,31.189,30.59,30.89,161170
VNM,2013-03-01,1362096000,30.89,31.189,30.89,30.89,91290
VNM,2013-03-04,1362355200,30.89,31.189,30.59,30.59,138270
VNM,2013-03-05,1362441600,30.59,30.89,30.289,30.89,207890
VNM,2013-03-06,1362528000,31.49,31.789,31.189,31.49,266470
VNM,2013-03-07,1362614400,31.49,31.49,30.89,31.49,135160
VNM,2013-03-08,1362700800,31.189,31.49,31.189,31.189,96980
VNM,2013-03-11,1362960000,31.189,31.49,30.89,31.49,120190
VNM,2013-03-12,1363046400,31.189,31.49,30.89,31.189,113410
VNM,2013-03-13,1363132800,31.189,31.49,30.89,31.189,136290
VNM,2013-03-14,1363219200,31.189,31.189,30.89,31.189,53170
VNM,2013-03-15,1363305600,30.89,31.189,30.89,31.189,75460
VNM,2013-03-18,1363564800,31.189,32.387,30.89,31.49,383160
VNM,2013-03-19,1363651200,31.789,31.789,31.49,31.49,79440
VNM,2013-03-20,1363737600,31.789,32.088,31.49,32.088,163400
VNM,2013-03-21,1363824000,32.088,33.587,32.088,33.288,697470
VNM,2013-03-22,1363910400,33.587,34.489,33.288,33.889,509210
VNM,2013-03-25,1364169600,34.188,34.489,33.587,34.489,275760
VNM,2013-03-26,1364256000,34.489,34.489,33.587,33.889,265980
VNM,2013-03-27,1364342400,33.889,34.188,33.587,33.889,216610
VNM,2013-03-28,1364428800,34.188,34.489,33.889,34.489,142890
VNM,2013-03-29,1364515200,34.188,34.787,33.889,34.787,395970
VNM,2013-04-01,1364774400,35.088,36.587,35.088,36.587,499290
VNM,2013-04-02,1364860800,36.587,37.487,36.587,36.587,403390
VNM,2013-04-03,1364947200,36.288,36.887,36.288,36.887,350420
VNM,2013-04-04,1365033600,36.587,36.887,35.988,35.988,443960
VNM,2013-04-05,1365120000,36.288,36.887,35.988,36.887,175850
VNM,2013-04-08,1365379200,36.887,37.487,36.887,37.487,173740
VNM,2013-04-09,1365465600,37.487,38.986,37.487,38.686,299320
VNM,2013-04-10,1365552000,38.986,39.886,37.786,37.786,454070
VNM,2013-04-11,1365638400,38.387,38.686,37.487,38.387,526180
VNM,2013-04-12,1365724800,38.387,38.686,37.189,37.487,362540
VNM,2013-04-15,1365984000,37.189,37.189,35.988,35.988,575370
VNM,2013-04-16,1366070400,35.687,36.587,34.489,36.288,579830
VNM,2013-04-17,1366156800,36.887,37.189,36.288,37.189,183330
VNM,2013-04-18,1366243200,36.587,36.887,36.288,36.887,198330
VNM,2013-04-22,1366588800,36.587,36.887,36.288,36.587,169190
VNM,2013-04-23,1366675200,37.189,37.786,36.887,37.487,248200
VNM,2013-04-24,1366761600,37.487,37.487,37.189,37.487,64650
VNM,2013-04-25,1366848000,37.487,37.786,37.189,37.786,103840
VNM,2013-04-26,1366934400,37.786,38.088,37.189,37.189,298840
VNM,2013-05-02,1367452800,36.887,36.887,36.288,36.587,177790
VNM,2013-05-03,1367539200,36.288,36.887,36.288,36.887,91300
VNM,2013-05-06,1367798400,37.189,37.487,36.887,37.487,175190
VNM,2013-05-07,1367884800,37.487,37.786,37.189,37.189,156630
VNM,2013-05-08,1367971200,37.189,37.189,36.887,37.189,47030
VNM,2013-05-09,1368057600,36.887,37.189,36.887,37.189,66390
VNM,2013-05-10,1368144000,37.189,37.487,36.887,37.189,189470
VNM,2013-05-13,1368403200,37.189,37.189,36.887,37.189,51040
VNM,2013-05-14,1368489600,36.887,37.189,36.587,37.189,174290
VNM,2013-05-15,1368576000,36.887,37.487,36.887,37.189,125890
VNM,2013-05-16,1368662400,37.189,37.487,36.887,37.487,154240
VNM,2013-05-17,1368748800,37.487,37.786,37.189,37.487,170120
VNM,2013-05-20,1369008000,37.786,37.786,37.189,37.786,212390
VNM,2013-05-21,1369094400,38.088,39.285,38.088,38.387,599420
VNM,2013-05-22,1369180800,38.686,38.986,38.387,38.986,185010
VNM,2013-05-23,1369267200,38.986,39.586,38.686,38.986,271020
VNM,2013-05-24,1369353600,38.686,39.886,38.686,39.285,381910
VNM,2013-05-27,1369612800,39.586,40.785,39.586,40.188,446120
VNM,2013-05-28,1369699200,40.485,40.485,40.188,40.485,183380
VNM,2013-05-29,1369785600,40.485,40.485,39.886,39.886,231110
VNM,2013-05-30,1369872000,40.188,40.188,39.586,40.188,185110
VNM,2013-05-31,1369958400,40.188,40.785,39.886,40.188,264490
VNM,2013-06-03,1370217600,40.188,40.485,39.886,39.886,129090
VNM,2013-06-04,1370304000,39.886,40.188,39.586,39.586,189940
VNM,2013-06-05,1370390400,39.886,40.188,39.586,40.188,199230
VNM,2013-06-06,1370476800,40.188,40.485,39.886,40.485,188880
VNM,2013-06-07,1370563200,40.785,41.085,40.485,40.785,146880
VNM,2013-06-10,1370822400,41.085,41.685,41.085,41.386,290650
VNM,2013-06-11,1370908800,41.685,41.987,41.085,41.987,164490
VNM,2013-06-12,1370995200,41.987,41.987,41.685,41.685,108800
VNM,2013-06-13,1371081600,41.386,41.386,40.785,41.386,257630
VNM,2013-06-14,1371168000,41.629,41.933,41.325,41.629,76880
VNM,2013-06-17,1371427200,41.629,41.629,40.11,40.11,390940
VNM,2013-06-18,1371513600,40.11,40.717,40.11,40.413,120890
VNM,2013-06-19,1371600000,40.717,41.325,40.717,41.02,130700
VNM,2013-06-20,1371686400,41.02,41.325,40.413,40.717,112610
VNM,2013-06-21,1371772800,40.413,41.02,40.413,40.717,123320
VNM,2013-06-24,1372032000,41.02,41.02,40.11,40.717,154040
VNM,2013-06-25,1372118400,40.413,40.717,38.59,39.502,419640
VNM,2013-06-26,1372204800,39.502,39.805,39.197,39.502,226880
VNM,2013-06-27,1372291200,39.805,40.11,39.502,40.11,205810
VNM,2013-06-28,1372377600,40.11,40.413,39.805,40.11,100240
VNM,2013-07-01,1372636800,39.502,40.11,39.502,39.805,113300
VNM,2013-07-02,1372723200,40.413,41.02,40.413,41.02,346060
VNM,2013-07-03,1372809600,41.02,41.325,40.717,40.717,149530
VNM,2013-07-04,1372896000,40.717,41.02,40.413,40.717,97200
VNM,2013-07-05,1372982400,40.717,41.02,40.413,40.717,72890
VNM,2013-07-08,1373241600,40.717,41.02,40.413,40.717,130740
VNM,2013-07-09,1373328000,41.02,41.629,41.02,41.325,189580
VNM,2013-07-10,1373414400,41.629,41.933,41.325,41.325,161190
VNM,2013-07-11,1373500800,41.325,41.629,41.02,41.325,112390
VNM,2013-07-12,1373587200,41.325,41.629,41.02,41.629,153350
VNM,2013-07-15,1373846400,41.629,41.933,41.325,41.629,122900
VNM,2013-07-16,1373932800,41.629,42.54,41.629,42.236,506730
VNM,2013-07-17,1374019200,42.54,42.54,41.933,42.54,245830
VNM,2013-07-18,1374105600,42.236,42.843,42.236,42.54,201870
VNM,2013-07-19,1374192000,42.843,43.756,42.843,43.756,422230
VNM,2013-07-22,1374451200,43.756,44.059,43.148,44.059,209600
VNM,2013-07-23,1374537600,44.363,44.667,44.059,44.059,382650
VNM,2013-07-24,1374624000,44.059,44.059,43.148,43.148,386880
VNM,2013-07-25,1374710400,43.148,43.756,42.843,43.451,230340
VNM,2013-07-26,1374796800,43.451,43.756,43.148,43.756,162950
VNM,2013-07-29,1375056000,43.756,44.059,42.843,42.843,253290
VNM,2013-07-30,1375142400,43.148,43.451,42.843,43.148,241950
VNM,2013-07-31,1375228800,43.148,44.059,43.148,44.059,247770
VNM,2013-08-01,1375315200,44.059,44.363,43.756,44.059,183380
VNM,2013-08-02,1375401600,44.363,44.667,44.059,44.363,174920
VNM,2013-08-05,1375660800,44.363,44.667,43.756,43.756,371780
VNM,2013-08-06,1375747200,43.756,44.667,43.451,44.363,291030
VNM,2013-08-07,1375833600,44.363,44.363,44.059,44.059,292010
VNM,2013-08-08,1375920000,44.059,44.363,43.756,44.059,151820
VNM,2013-08-09,1376006400,44.059,44.363,43.756,44.059,159070
VNM,2013-08-12,1376265600,44.363,44.363,44.059,44.059,116260
VNM,2013-08-13,1376352000,44.059,44.667,44.059,44.667,213280
VNM,2013-08-14,1376438400,44.667,45.276,44.363,45.276,206100
VNM,2013-08-15,1376524800,45.579,45.883,45.276,45.883,258740
VNM,2013-08-16,1376611200,45.883,45.883,44.972,45.579,395060
VNM,2013-08-19,1376870400,45.276,45.579,44.972,45.579,587140
VNM,2013-08-20,1376956800,45.579,45.887,44.655,44.963,600930
VNM,2013-08-21,1377043200,44.655,44.963,44.349,44.963,232120
VNM,2013-08-22,1377129600,44.655,44.963,44.039,44.039,479780
VNM,2013-08-23,1377216000,44.039,44.039,41.267,41.883,1332760
VNM,2013-08-26,1377475200,41.576,43.115,40.342,43.115,799920
VNM,2013-08-27,1377561600,42.807,43.115,42.191,42.807,375240
VNM,2013-08-28,1377648000,42.499,42.499,40.959,40.959,704560
VNM,2013-08-29,1377734400,40.959,41.576,40.651,40.651,686640
VNM,2013-08-30,1377820800,40.651,40.959,38.804,40.034,989560
VNM,2013-09-03,1378166400,40.651,41.576,40.342,40.959,240850
VNM,2013-09-04,1378252800,41.576,42.807,41.576,41.883,559630
VNM,2013-09-05,1378339200,42.807,43.731,42.499,42.807,606010
VNM,2013-09-06,1378425600,43.731,43.731,42.499,42.807,622950
VNM,2013-09-09,1378684800,42.499,42.807,41.576,41.883,213380
VNM,2013-09-10,1378771200,41.883,42.499,41.883,42.499,98300
VNM,2013-09-11,1378857600,42.499,42.807,42.191,42.499,145120
VNM,2013-09-12,1378944000,42.499,42.499,42.191,42.191,67390
VNM,2013-09-13,1379030400,42.191,42.499,41.883,42.499,57390
VNM,2013-09-16,1379289600,42.499,42.499,41.883,42.191,62070
VNM,2013-09-17,1379376000,42.191,42.499,41.883,42.191,82100
VNM,2013-09-18,1379462400,42.499,42.499,41.883,41.883,73620
VNM,2013-09-19,1379548800,42.191,42.499,41.883,42.191,58080
VNM,2013-09-20,1379635200,42.191,42.499,41.883,42.499,35340
VNM,2013-09-23,1379894400,42.191,42.499,41.883,42.191,128710
VNM,2013-09-24,1379980800,42.191,42.499,41.883,42.499,61330
VNM,2013-09-25,1380067200,42.191,44.039,42.191,43.115,257540
VNM,2013-09-26,1380153600,43.115,43.423,42.807,42.807,91970
VNM,2013-09-27,1380240000,42.807,43.115,42.499,43.115,57260
VNM,2013-09-30,1380499200,43.115,43.423,42.807,43.423,92160
VNM,2013-10-01,1380585600,43.423,43.731,42.807,42.807,124630
VNM,2013-10-02,1380672000,42.807,43.423,42.807,43.115,98350
VNM,2013-10-03,1380758400,43.115,43.115,42.807,42.807,61720
VNM,2013-10-04,1380844800,42.807,43.115,42.499,43.115,88360
VNM,2013-10-07,1381104000,43.115,43.423,42.807,43.115,153310
VNM,2013-10-08,1381190400,43.115,43.115,42.807,43.115,156730
VNM,2013-10-09,1381276800,43.115,44.039,42.807,43.731,334620
VNM,2013-10-10,1381363200,43.731,44.039,43.115,43.115,129610
VNM,2013-10-11,1381449600,43.423,43.731,43.115,43.115,160730
VNM,2013-10-14,1381708800,43.115,43.731,43.115,43.423,91900
VNM,2013-10-15,1381795200,43.423,43.731,43.115,43.731,100290
VNM,2013-10-16,1381881600,43.731,43.731,43.423,43.731,110980
VNM,2013-10-17,1381968000,43.731,44.039,43.423,43.423,125820
VNM,2013-10-18,1382054400,43.423,43.731,43.423,43.731,139400
VNM,2013-10-21,1382313600,43.731,43.731,43.423,43.731,83200
VNM,2013-10-22,1382400000,43.731,43.731,43.423,43.423,91480
VNM,2013-10-23,1382486400,43.731,43.731,43.423,43.423,35240
VNM,2013-10-24,1382572800,43.423,44.349,43.423,43.731,428810
VNM,2013-10-25,1382659200,44.039,44.349,43.731,43.731,107840
VNM,2013-10-28,1382918400,43.731,44.039,43.423,43.423,55650
VNM,2013-10-29,1383004800,43.423,43.731,42.807,43.423,272690
VNM,2013-10-30,1383091200,43.423,43.423,43.115,43.423,43600
VNM,2013-10-31,1383177600,43.423,43.731,43.115,43.115,78480
VNM,2013-11-01,1383264000,43.423,43.423,43.115,43.115,68120
VNM,2013-11-04,1383523200,43.115,43.423,43.115,43.115,70800
VNM,2013-11-05,1383609600,43.115,43.423,43.115,43.423,50920
VNM,2013-11-06,1383696000,43.423,43.423,43.115,43.423,181420
VNM,2013-11-07,1383782400,43.115,43.423,42.807,43.115,143750
VNM,2013-11-08,1383868800,42.807,43.423,42.807,42.807,150620
VNM,2013-11-11,1384128000,42.807,43.115,42.807,42.807,72900
VNM,2013-11-12,1384214400,42.807,43.115,42.499,42.807,104860
VNM,2013-11-13,1384300800,42.807,42.807,42.499,42.807,60090
VNM,2013-11-14,1384387200,42.807,43.115,42.807,42.807,90640
VNM,2013-11-15,1384473600,42.807,43.731,42.807,43.423,328520
VNM,2013-11-18,1384732800,43.423,43.731,43.423,43.731,118030
VNM,2013-11-19,1384819200,43.731,44.039,43.423,43.731,117700
VNM,2013-11-20,1384905600,43.423,43.731,43.423,43.423,82750
VNM,2013-11-21,1384992000,43.731,43.731,43.115,43.423,189120
VNM,2013-11-22,1385078400,43.423,43.731,43.115,43.423,107010
VNM,2013-11-25,1385337600,43.423,43.423,43.115,43.423,84960
VNM,2013-11-26,1385424000,43.423,44.655,43.115,44.349,796250
VNM,2013-11-27,1385510400,44.963,44.963,44.349,44.349,225960
VNM,2013-11-28,1385596800,44.349,44.349,43.731,43.731,268280
VNM,2013-11-29,1385683200,43.731,44.039,43.115,43.731,295470
VNM,2013-12-02,1385942400,43.731,43.731,43.423,43.423,167110
VNM,2013-12-03,1386028800,43.423,44.039,43.423,43.731,238710
VNM,2013-12-04,1386115200,43.731,43.731,43.423,43.423,164430
VNM,2013-12-05,1386201600,43.115,43.731,43.115,43.731,186610
VNM,2013-12-06,1386288000,43.731,43.731,43.423,43.423,39840
VNM,2013-12-09,1386547200,43.115,43.423,42.807,42.807,307050
VNM,2013-12-10,1386633600,42.807,43.115,42.499,43.115,117220
VNM,2013-12-11,1386720000,43.115,43.423,42.807,43.423,184110
VNM,2013-12-12,1386806400,43.115,43.423,43.115,43.115,65110
VNM,2013-12-13,1386892800,43.423,43.423,42.807,43.115,58920
VNM,2013-12-16,1387152000,43.053,43.363,43.053,43.053,44500
VNM,2013-12-17,1387238400,43.363,43.363,42.743,43.053,81460
VNM,2013-12-18,1387324800,43.053,43.053,42.743,42.743,125480
VNM,2013-12-19,1387411200,43.053,43.053,42.743,43.053,73390
VNM,2013-12-20,1387497600,43.053,43.053,42.743,43.053,75570
VNM,2013-12-23,1387756800,42.743,43.053,42.434,42.743,82920
VNM,2013-12-24,1387843200,42.743,43.053,42.434,42.434,102300
VNM,2013-12-25,1387929600,42.434,42.434,41.813,42.124,241460
VNM,2013-12-26,1388016000,42.124,42.434,41.813,41.813,209560
VNM,2013-12-27,1388102400,41.813,42.434,41.813,42.124,70280
VNM,2013-12-30,1388361600,42.124,42.434,41.813,41.813,137570
VNM,2013-12-31,1388448000,41.813,42.434,41.505,41.813,196990
VNM,2014-01-02,1388620800,41.813,42.434,41.813,41.813,32520
VNM,2014-01-03,1388707200,41.813,42.124,41.813,42.124,30700
VNM,2014-01-06,1388966400,41.813,42.124,41.813,42.124,77090
VNM,2014-01-07,1389052800,42.124,42.124,41.813,41.813,105870
VNM,2014-01-08,1389139200,41.813,42.124,41.813,42.124,38900
VNM,2014-01-09,1389225600,42.124,42.124,41.813,42.124,31100
VNM,2014-01-10,1389312000,42.124,43.053,42.124,42.743,202890
VNM,2014-01-13,1389571200,42.434,42.743,42.434,42.434,61380
VNM,2014-01-14,1389657600,42.434,42.743,42.124,42.434,92090
VNM,2014-01-15,1389744000,42.743,42.743,42.124,42.743,114260
VNM,2014-01-16,1389830400,42.743,42.743,42.434,42.434,74730
VNM,2014-01-17,1389916800,42.434,43.674,42.434,43.053,540090
VNM,2014-01-20,1390176000,43.053,44.913,43.053,43.984,517140
VNM,2014-01-21,1390262400,43.984,43.984,43.363,43.674,99710
VNM,2014-01-22,1390348800,43.984,43.984,43.053,43.363,318980
VNM,2014-01-23,1390435200,43.363,43.984,43.363,43.674,107370
VNM,2014-01-24,1390521600,43.674,44.292,43.674,43.984,261110
VNM,2014-01-27,1390780800,43.984,43.984,43.363,43.674,112900
VNM,2014-02-06,1391644800,43.674,43.984,43.363,43.363,177090
VNM,2014-02-07,1391731200,43.363,43.674,43.053,43.363,241230
VNM,2014-02-10,1391990400,43.363,43.363,42.743,43.363,206320
VNM,2014-02-11,1392076800,43.053,43.674,43.053,43.053,263880
VNM,2014-02-12,1392163200,43.053,43.363,43.053,43.363,87930
VNM,2014-02-13,1392249600,43.674,43.674,43.053,43.053,146350
VNM,2014-02-14,1392336000,43.363,43.984,43.053,43.363,303460
VNM,2014-02-17,1392595200,43.363,43.674,43.053,43.363,151080
VNM,2014-02-18,1392681600,43.363,43.674,43.053,43.363,223130
VNM,2014-02-19,1392768000,43.363,43.674,43.053,43.053,226230
VNM,2014-02-20,1392854400,43.053,43.363,42.743,42.743,340300
VNM,2014-02-21,1392940800,42.743,43.363,42.434,42.743,242430
VNM,2014-02-24,1393200000,42.743,43.363,42.743,43.053,172070
VNM,2014-02-25,1393286400,43.053,43.363,42.743,43.053,301230
VNM,2014-02-26,1393372800,43.053,43.053,42.743,43.053,138990
VNM,2014-02-27,1393459200,43.053,44.601,42.743,43.984,1220670
VNM,2014-02-28,1393545600,44.292,44.292,43.674,43.674,192120
VNM,2014-03-03,1393804800,43.674,43.674,43.053,43.674,160300
VNM,2014-03-04,1393891200,43.363,43.674,43.053,43.053,201430
VNM,2014-03-05,1393977600,43.363,43.363,43.053,43.053,117520
VNM,2014-03-06,1394064000,43.053,43.363,42.743,43.053,265540
VNM,2014-03-07,1394150400,43.053,43.363,42.743,43.053,112590
VNM,2014-03-10,1394409600,43.053,43.674,43.053,43.363,197440
VNM,2014-03-11,1394496000,43.363,43.674,43.053,43.363,318340
VNM,2014-03-12,1394582400,43.363,44.292,43.363,43.674,745520
VNM,2014-03-13,1394668800,43.674,45.221,43.674,45.221,1007020
VNM,2014-03-14,1394755200,45.532,47.078,45.221,46.461,797290
VNM,2014-03-17,1395014400,46.461,46.771,45.532,45.843,396390
VNM,2014-03-18,1395100800,45.843,45.843,45.221,45.532,441500
VNM,2014-03-19,1395187200,45.532,45.843,44.913,45.221,348960
VNM,2014-03-20,1395273600,45.221,45.532,44.292,44.292,441220
VNM,2014-03-21,1395360000,44.292,44.913,44.292,44.601,243070
VNM,2014-03-24,1395619200,44.913,45.221,44.292,44.292,446980
VNM,2014-03-25,1395705600,44.292,44.601,43.984,43.984,328350
VNM,2014-03-26,1395792000,43.984,44.292,43.053,43.363,495510
VNM,2014-03-27,1395878400,43.674,43.674,43.053,43.363,273480
VNM,2014-03-28,1395964800,43.363,43.984,43.363,43.674,208560
VNM,2014-03-31,1396224000,43.984,44.292,43.674,43.674,175880
VNM,2014-04-01,1396310400,43.984,43.984,43.363,43.674,181570
VNM,2014-04-02,1396396800,43.674,43.984,43.363,43.674,209510
VNM,2014-04-03,1396483200,43.674,44.913,43.674,44.601,277300
VNM,2014-04-04,1396569600,44.601,44.913,44.292,44.913,359580
VNM,2014-04-07,1396828800,46.151,46.461,45.532,45.843,761320
VNM,2014-04-08,1396915200,45.843,46.151,45.532,45.532,284200
VNM,2014-04-10,1397088000,45.532,45.843,44.601,44.601,415430
VNM,2014-04-11,1397174400,44.292,44.913,43.984,44.292,200970
VNM,2014-04-14,1397433600,44.292,44.601,43.984,43.984,376180
VNM,2014-04-15,1397520000,43.984,44.292,43.363,43.674,343490
VNM,2014-04-16,1397606400,43.674,43.984,43.053,43.674,267480
VNM,2014-04-17,1397692800,43.674,43.984,43.363,43.674,197770
VNM,2014-04-18,1397779200,43.674,43.674,43.053,43.363,252270
VNM,2014-04-21,1398038400,43.363,43.363,43.053,43.053,254000
VNM,2014-04-22,1398124800,43.363,43.363,42.743,43.363,160270
VNM,2014-04-23,1398211200,43.363,43.363,43.053,43.053,73720
VNM,2014-04-24,1398297600,43.053,43.363,42.743,43.053,148570
VNM,2014-04-25,1398384000,43.363,43.984,43.053,43.674,162140
VNM,2014-04-28,1398643200,43.363,43.363,43.053,43.053,157990
VNM,2014-04-29,1398729600,42.743,43.363,42.743,43.053,80990
VNM,2014-05-05,1399248000,43.053,43.053,42.124,42.434,264620
VNM,2014-05-06,1399334400,42.434,42.434,40.884,41.196,271300
VNM,2014-05-07,1399420800,41.505,42.124,41.196,41.505,96260
VNM,2014-05-08,1399507200,41.196,41.196,38.718,38.718,866350
VNM,2014-05-09,1399593600,39.025,40.574,38.718,40.265,255360
VNM,2014-05-12,1399852800,40.265,40.265,37.786,38.407,444150
VNM,2014-05-13,1399939200,39.036,39.351,38.093,38.093,235060
VNM,2014-05-14,1400025600,37.463,39.036,37.463,39.036,283680
VNM,2014-05-15,1400112000,38.407,39.351,37.463,37.777,303320
VNM,2014-05-16,1400198400,37.777,38.407,37.463,38.093,220610
VNM,2014-05-19,1400457600,38.093,38.721,37.777,38.407,165780
VNM,2014-05-20,1400544000,38.407,39.036,38.093,38.721,141870
VNM,2014-05-21,1400630400,38.721,39.351,38.721,39.351,117900
VNM,2014-05-22,1400716800,39.351,40.295,39.351,39.668,205250
VNM,2014-05-23,1400803200,39.668,39.981,39.351,39.351,76260
VNM,2014-05-26,1401062400,39.351,39.351,38.721,38.721,106630
VNM,2014-05-27,1401148800,39.036,39.351,38.407,39.036,155960
VNM,2014-05-28,1401235200,39.036,39.351,38.407,38.721,109830
VNM,2014-05-29,1401321600,38.407,39.036,38.407,38.721,77340
VNM,2014-05-30,1401408000,38.721,39.351,38.721,38.721,138880
VNM,2014-06-02,1401667200,38.721,39.351,38.407,39.036,145600
VNM,2014-06-03,1401753600,39.036,39.351,38.721,39.036,67150
VNM,2014-06-04,1401840000,39.036,39.351,38.721,39.036,182950
VNM,2014-06-05,1401926400,39.351,39.351,38.407,39.036,85820
VNM,2014-06-06,1402012800,39.036,39.036,38.721,39.036,31640
VNM,2014-06-09,1402272000,39.036,39.351,38.721,39.036,167320
VNM,2014-06-10,1402358400,38.721,39.036,38.407,38.407,159700
VNM,2014-06-11,1402444800,38.721,38.721,38.093,38.407,197300
VNM,2014-06-12,1402531200,38.407,38.721,38.407,38.721,105560
VNM,2014-06-13,1402617600,39.036,39.036,38.407,38.407,140310
VNM,2014-06-16,1402876800,38.407,38.721,38.407,38.407,49920
VNM,2014-06-17,1402963200,38.407,38.721,38.407,38.407,174680
VNM,2014-06-18,1403049600,38.407,38.721,38.093,38.407,97760
VNM,2014-06-19,1403136000,38.093,38.407,38.093,38.093,95070
VNM,2014-06-20,1403222400,38.407,38.407,38.093,38.093,82380
VNM,2014-06-23,1403481600,38.093,38.407,38.093,38.093,53690
VNM,2014-06-24,1403568000,38.093,38.407,38.093,38.093,56020
VNM,2014-06-25,1403654400,38.407,38.721,38.093,38.407,92390
VNM,2014-06-26,1403740800,38.407,38.721,38.407,38.721,80110
VNM,2014-06-27,1403827200,38.721,38.721,38.407,38.407,69240
VNM,2014-06-30,1404086400,38.407,38.721,38.093,38.407,62820
VNM,2014-07-01,1404172800,38.721,38.721,38.407,38.407,96620
VNM,2014-07-02,1404259200,38.407,39.668,38.407,39.351,266720
VNM,2014-07-03,1404345600,39.668,39.981,39.351,39.981,175410
VNM,2014-07-04,1404432000,40.295,41.241,40.295,40.925,468050
VNM,2014-07-07,1404691200,40.925,41.241,40.295,40.611,172450
VNM,2014-07-08,1404777600,40.295,40.611,39.981,40.611,159400
VNM,2014-07-09,1404864000,40.295,40.611,39.981,40.295,115540
VNM,2014-07-10,1404950400,40.295,40.611,39.668,39.981,170560
VNM,2014-07-11,1405036800,39.981,40.295,39.668,39.981,61470
VNM,2014-07-14,1405296000,39.981,40.295,39.981,40.295,103120
VNM,2014-07-15,1405382400,40.295,40.925,40.295,40.611,111170
VNM,2014-07-16,1405468800,40.925,40.925,40.611,40.611,183090
VNM,2014-07-17,1405555200,40.295,40.611,40.295,40.611,77000
VNM,2014-07-18,1405641600,40.611,42.185,40.611,41.87,461270
VNM,2014-07-21,1405900800,42.499,43.759,42.185,43.759,703510
VNM,2014-07-22,1405987200,43.443,43.759,42.816,43.13,160470
VNM,2014-07-23,1406073600,43.13,43.13,42.499,42.816,262350
VNM,2014-07-24,1406160000,42.816,43.443,42.816,43.13,135470
VNM,2014-07-25,1406246400,43.13,43.13,42.816,42.816,153460
VNM,2014-07-28,1406505600,42.499,42.816,41.87,42.499,224320
VNM,2014-07-29,1406592000,42.816,43.13,42.499,42.816,119310
VNM,2014-07-30,1406678400,42.816,42.816,42.185,42.499,110970
VNM,2014-07-31,1406764800,42.816,42.816,42.499,42.816,88370
VNM,2014-08-01,1406851200,42.499,42.816,42.499,42.499,130160
VNM,2014-08-04,1407110400,42.499,43.13,42.499,43.13,104770
VNM,2014-08-05,1407196800,43.13,43.443,42.816,43.13,100530
VNM,2014-08-06,1407283200,43.443,43.443,43.13,43.443,60980
VNM,2014-08-07,1407369600,43.443,44.073,43.443,44.073,247390
VNM,2014-08-08,1407456000,44.073,44.389,43.759,44.073,273930
VNM,2014-08-11,1407715200,44.073,44.073,43.443,43.443,255340
VNM,2014-08-12,1407801600,43.13,43.443,42.816,43.13,265420
VNM,2014-08-13,1407888000,43.322,44.854,43.322,43.703,742340
VNM,2014-08-14,1407974400,43.703,44.47,43.703,44.47,444600
VNM,2014-08-15,1408060800,44.47,44.854,44.087,44.47,237860
VNM,2014-08-18,1408320000,44.47,44.47,43.703,44.087,207280
VNM,2014-08-19,1408406400,43.703,44.087,43.322,43.703,244000
VNM,2014-08-20,1408492800,43.322,43.703,42.938,42.938,215940
VNM,2014-08-21,1408579200,43.322,43.703,42.938,43.322,173720
VNM,2014-08-22,1408665600,43.322,43.703,42.938,43.322,236600
VNM,2014-08-25,1408924800,43.322,43.703,42.938,42.938,376100
VNM,2014-08-26,1409011200,43.322,43.703,42.938,42.938,202450
VNM,2014-08-27,1409097600,43.322,43.322,42.938,42.938,89690
VNM,2014-08-28,1409184000,42.938,43.322,42.554,42.554,178150
VNM,2014-08-29,1409270400,42.554,42.938,42.554,42.554,120030
VNM,2014-09-03,1409702400,42.938,43.322,42.554,42.938,172300
VNM,2014-09-04,1409788800,42.938,43.322,42.554,42.554,64370
VNM,2014-09-05,1409875200,42.938,42.938,42.554,42.554,255710
VNM,2014-09-08,1410134400,42.554,42.938,42.171,42.554,219940
VNM,2014-09-09,1410220800,42.554,42.938,41.405,42.171,326820
VNM,2014-09-10,1410307200,41.788,42.171,41.405,41.788,180560
VNM,2014-09-11,1410393600,41.788,42.171,41.405,41.788,82750
VNM,2014-09-12,1410480000,41.788,42.171,41.405,41.788,95110
VNM,2014-09-15,1410739200,41.788,41.788,41.02,41.405,229470
VNM,2014-09-16,1410825600,41.405,41.788,41.02,41.405,81710
VNM,2014-09-17,1410912000,41.405,41.788,41.02,41.02,100720
VNM,2014-09-18,1410998400,41.02,41.405,40.637,41.02,165280
VNM,2014-09-19,1411084800,40.637,41.02,40.637,40.637,61020
VNM,2014-09-22,1411344000,40.637,41.788,40.637,41.405,138640
VNM,2014-09-23,1411430400,41.02,41.405,41.02,41.405,127910
VNM,2014-09-24,1411516800,41.02,41.405,40.637,40.637,60730
VNM,2014-09-25,1411603200,40.637,41.02,40.255,40.637,114700
VNM,2014-09-26,1411689600,40.637,41.02,40.255,40.637,112450
VNM,2014-09-29,1411948800,40.637,40.637,40.255,40.255,84300
VNM,2014-09-30,1412035200,40.255,40.637,39.871,40.255,217550
VNM,2014-10-01,1412121600,40.637,41.405,40.255,41.02,166100
VNM,2014-10-02,1412208000,41.02,41.405,40.637,41.405,87900
VNM,2014-10-03,1412294400,41.02,41.405,40.637,41.02,195200
VNM,2014-10-06,1412553600,40.637,41.02,40.255,41.02,259250
VNM,2014-10-07,1412640000,41.02,41.02,40.637,40.637,129900
VNM,2014-10-08,1412726400,40.637,42.938,40.637,42.171,424990
VNM,2014-10-09,1412812800,42.171,42.938,41.788,42.171,212200
VNM,2014-10-10,1412899200,42.171,42.171,41.405,42.171,136560
VNM,2014-10-13,1413158400,41.788,42.171,41.405,41.788,89590
VNM,2014-10-14,1413244800,41.788,41.788,41.405,41.405,106900
VNM,2014-10-15,1413331200,41.405,41.405,40.637,40.637,201610
VNM,2014-10-16,1413417600,41.02,41.405,40.255,40.255,292800
VNM,2014-10-17,1413504000,40.255,41.02,39.871,41.02,147420
VNM,2014-10-20,1413763200,41.02,41.02,40.255,40.637,63930
VNM,2014-10-21,1413849600,40.637,41.405,40.255,41.02,172480
VNM,2014-10-22,1413936000,41.02,41.405,40.637,41.02,92200
VNM,2014-10-23,1414022400,41.02,41.405,40.637,41.02,149160
VNM,2014-10-24,1414108800,41.02,41.02,40.255,40.637,95410
VNM,2014-10-27,1414368000,40.255,40.637,39.871,39.871,131430
VNM,2014-10-28,1414454400,39.871,40.255,39.486,39.486,110280
VNM,2014-10-29,1414540800,39.871,40.255,39.102,39.871,238380
VNM,2014-10-30,1414627200,39.871,40.255,39.871,39.871,49530
VNM,2014-10-31,1414713600,39.871,40.255,39.871,40.255,35750
VNM,2014-11-03,1414972800,40.255,40.637,40.255,40.255,81050
VNM,2014-11-04,1415059200,40.255,40.637,40.255,40.255,134860
VNM,2014-11-05,1415145600,39.871,40.255,39.486,39.871,163990
VNM,2014-11-06,1415232000,39.871,40.255,39.871,39.871,57790
VNM,2014-11-07,1415318400,39.871,40.255,39.871,39.871,90070
VNM,2014-11-10,1415577600,40.255,40.255,39.871,39.871,105440
VNM,2014-11-11,1415664000,40.255,40.255,39.871,39.871,82660
VNM,2014-11-12,1415750400,40.255,40.255,39.871,39.871,64430
VNM,2014-11-13,1415836800,40.255,40.255,39.871,39.871,68060
VNM,2014-11-14,1415923200,39.871,40.255,39.486,39.871,113180
VNM,2014-11-17,1416182400,39.871,40.255,39.486,39.871,87210
VNM,2014-11-18,1416268800,39.871,39.871,39.486,39.486,98550
VNM,2014-11-19,1416355200,39.486,39.871,38.719,38.719,136680
VNM,2014-11-20,1416441600,39.102,39.102,38.719,38.719,78550
VNM,2014-11-21,1416528000,38.719,39.102,38.719,38.719,73130
VNM,2014-11-24,1416787200,38.719,38.719,38.146,38.337,93240
VNM,2014-11-25,1416873600,38.337,38.719,38.337,38.337,91590
VNM,2014-11-26,1416960000,38.337,38.719,37.955,38.337,76560
VNM,2014-11-27,1417046400,38.337,38.337,37.955,38.146,90390
VNM,2014-11-28,1417132800,37.955,38.146,37.762,37.955,111560
VNM,2014-12-01,1417392000,37.762,38.146,37.57,38.146,50300
VNM,2014-12-02,1417478400,38.146,38.337,38.146,38.146,40720
VNM,2014-12-03,1417564800,38.146,38.337,38.146,38.337,29930
VNM,2014-12-04,1417651200,38.337,38.719,38.146,38.719,54480
VNM,2014-12-05,1417737600,38.337,38.719,38.146,38.146,48030
VNM,2014-12-08,1417996800,38.337,38.337,38.146,38.146,46290
VNM,2014-12-09,1418083200,38.146,38.337,37.762,37.762,153170
VNM,2014-12-10,1418169600,37.955,37.955,37.57,37.955,51450
VNM,2014-12-11,1418256000,37.762,37.955,37.57,37.955,27620
VNM,2014-12-12,1418342400,37.762,37.955,37.762,37.955,36450
VNM,2014-12-15,1418601600,37.955,37.955,37.762,37.762,46150
VNM,2014-12-16,1418688000,37.762,37.762,37.189,37.379,92140
VNM,2014-12-17,1418774400,37.379,37.57,35.462,35.462,232620
VNM,2014-12-18,1418860800,35.462,36.036,35.462,36.036,103250
VNM,2014-12-19,1418947200,36.036,36.229,35.462,36.036,135270
VNM,2014-12-22,1419206400,36.036,36.036,35.654,35.845,90260
VNM,2014-12-23,1419292800,36.229,37.762,35.654,36.612,245020
VNM,2014-12-24,1419379200,36.803,36.803,36.229,36.421,79670
VNM,2014-12-25,1419465600,36.229,36.803,36.036,36.229,89620
VNM,2014-12-26,1419552000,36.421,36.421,35.845,36.036,109890
VNM,2014-12-29,1419811200,36.036,36.229,35.654,36.036,97060
VNM,2014-12-30,1419897600,36.036,36.036,35.654,36.036,50370
VNM,2014-12-31,1419984000,36.421,36.612,36.229,36.612,102210
VNM,2015-01-05,1420416000,36.803,36.995,36.612,36.803,70290
VNM,2015-01-06,1420502400,36.803,37.189,36.421,36.803,100890
VNM,2015-01-07,1420588800,36.803,37.762,36.803,37.57,194130
VNM,2015-01-08,1420675200,37.57,37.955,37.379,37.762,70650
VNM,2015-01-09,1420761600,38.146,39.486,37.955,39.486,290390
VNM,2015-01-12,1421020800,39.486,39.486,38.337,38.337,148470
VNM,2015-01-13,1421107200,38.337,39.102,38.146,39.102,84550
VNM,2015-01-14,1421193600,39.486,39.486,38.337,38.719,87550
VNM,2015-01-15,1421280000,38.719,38.719,38.146,38.337,86090
VNM,2015-01-16,1421366400,38.337,38.337,38.146,38.337,33740
VNM,2015-01-19,1421625600,38.337,38.337,37.955,38.146,60950
VNM,2015-01-20,1421712000,37.762,38.719,37.762,38.337,70940
VNM,2015-01-21,1421798400,38.719,39.102,38.146,38.337,80930
VNM,2015-01-22,1421884800,38.337,38.719,38.146,38.146,42690
VNM,2015-01-23,1421971200,38.337,38.719,37.955,38.337,82550
VNM,2015-01-26,1422230400,38.337,38.719,38.146,38.146,115330
VNM,2015-01-27,1422316800,38.146,39.871,38.146,39.102,259390
VNM,2015-01-28,1422403200,38.719,39.486,38.719,38.719,82050
VNM,2015-01-29,1422489600,38.719,40.255,38.719,40.255,402090
VNM,2015-01-30,1422576000,39.871,40.255,39.486,39.871,145680
VNM,2015-02-02,1422835200,39.871,40.255,39.486,39.486,87980
VNM,2015-02-03,1422921600,39.486,39.871,38.719,38.719,172560
VNM,2015-02-04,1423008000,38.719,39.486,38.337,39.486,97720
VNM,2015-02-05,1423094400,39.486,40.255,39.102,39.486,155580
VNM,2015-02-06,1423180800,39.486,39.871,39.486,39.486,49540
VNM,2015-02-09,1423440000,39.486,39.871,39.102,39.871,97400
VNM,2015-02-10,1423526400,39.486,39.871,39.486,39.486,77410
VNM,2015-02-11,1423612800,39.486,40.255,39.486,40.255,185920
VNM,2015-02-12,1423699200,39.871,40.255,39.871,40.255,58830
VNM,2015-02-13,1423785600,40.255,40.637,39.871,40.637,145600
VNM,2015-02-24,1424736000,40.637,41.02,40.637,41.02,103010
VNM,2015-02-25,1424822400,41.02,41.788,41.02,41.788,175760
VNM,2015-02-26,1424908800,41.788,42.171,41.405,41.405,157380
VNM,2015-02-27,1424995200,41.788,41.788,41.02,41.405,83040
VNM,2015-03-02,1425254400,41.405,41.788,41.02,41.02,103370
VNM,2015-03-03,1425340800,41.02,41.405,40.637,41.405,115960
VNM,2015-03-04,1425427200,41.405,41.788,41.02,41.788,74470
VNM,2015-03-05,1425513600,41.788,41.788,41.02,41.405,91750
VNM,2015-03-06,1425600000,41.405,41.788,41.02,41.02,114590
VNM,2015-03-09,1425859200,41.02,41.405,41.02,41.02,70350
VNM,2015-03-10,1425945600,41.02,41.405,41.02,41.405,144290
VNM,2015-03-11,1426032000,41.405,41.788,41.02,41.405,163880
VNM,2015-03-12,1426118400,41.405,41.788,41.02,41.788,130340
VNM,2015-03-13,1426204800,41.405,41.788,41.02,41.405,163620
VNM,2015-03-16,1426464000,41.405,41.788,41.405,41.788,153740
VNM,2015-03-17,1426550400,41.788,41.788,41.405,41.788,68270
VNM,2015-03-18,1426636800,41.405,41.788,41.405,41.788,86590
VNM,2015-03-19,1426723200,41.405,41.788,41.02,41.405,116820
VNM,2015-03-20,1426809600,41.02,41.405,41.02,41.02,81770
VNM,2015-03-23,1427068800,41.02,41.405,40.637,41.02,111710
VNM,2015-03-24,1427155200,41.02,41.02,40.637,41.02,95440
VNM,2015-03-25,1427241600,41.02,41.02,40.255,41.02,91770
VNM,2015-03-26,1427328000,40.637,41.02,40.255,41.02,97830
VNM,2015-03-27,1427414400,40.637,41.02,40.255,40.255,80360
VNM,2015-03-30,1427673600,40.637,40.637,39.871,40.255,71360
VNM,2015-03-31,1427760000,40.255,40.637,39.871,40.637,92160
VNM,2015-04-01,1427846400,40.637,40.637,39.871,40.255,151380
VNM,2015-04-02,1427932800,39.871,40.637,39.871,40.637,97120
VNM,2015-04-03,1428019200,40.255,40.637,39.871,40.255,56560
VNM,2015-04-06,1428278400,40.255,40.637,39.871,39.871,85560
VNM,2015-04-07,1428364800,39.871,40.637,39.871,40.637,115100
VNM,2015-04-08,1428451200,40.637,41.02,40.637,40.637,146070
VNM,2015-04-09,1428537600,40.637,41.02,40.637,40.637,74090
VNM,2015-04-10,1428624000,40.637,41.788,40.637,41.405,232440
VNM,2015-04-13,1428883200,42.171,42.554,41.405,42.171,275880
VNM,2015-04-14,1428969600,42.554,42.554,41.788,42.171,200810
VNM,2015-04-15,1429056000,42.171,42.171,41.405,41.788,128590
VNM,2015-04-16,1429142400,41.788,41.788,41.405,41.405,70620
VNM,2015-04-17,1429228800,41.405,41.788,41.405,41.405,60780
VNM,2015-04-20,1429488000,41.788,41.788,41.02,41.405,131470
VNM,2015-04-21,1429574400,41.405,41.788,41.02,41.405,45020
VNM,2015-04-22,1429660800,41.405,41.788,41.02,41.405,45490
VNM,2015-04-23,1429747200,41.405,41.788,41.405,41.405,48320
VNM,2015-04-24,1429833600,41.788,41.788,41.405,41.788,136810
VNM,2015-04-27,1430092800,41.788,41.788,41.405,41.405,75170
VNM,2015-05-04,1430697600,41.02,41.405,40.637,40.637,161370
VNM,2015-05-05,1430784000,40.637,40.637,39.871,40.637,212020
VNM,2015-05-06,1430870400,40.637,41.02,40.255,40.637,118270
VNM,2015-05-07,1430956800,40.637,41.405,40.255,40.637,99090
VNM,2015-05-08,1431043200,40.637,41.02,40.637,40.637,72340
VNM,2015-05-11,1431302400,40.637,41.02,40.255,40.637,86210
VNM,2015-05-12,1431388800,40.637,41.02,40.255,40.255,59710
VNM,2015-05-13,1431475200,40.255,40.637,40.255,40.255,45230
VNM,2015-05-14,1431561600,40.255,40.637,39.871,40.255,90950
VNM,2015-05-15,1431648000,40.255,40.637,39.871,40.255,98340
VNM,2015-05-18,1431907200,39.871,40.255,39.486,40.255,88910
VNM,2015-05-19,1431993600,39.871,40.255,39.871,40.255,46220
VNM,2015-05-20,1432080000,39.871,41.02,39.871,41.02,183590
VNM,2015-05-21,1432166400,41.02,41.02,40.255,40.637,70130
VNM,2015-05-22,1432252800,40.637,41.02,40.637,41.02,46510
VNM,2015-05-25,1432512000,41.02,41.02,40.255,40.637,98370
VNM,2015-05-26,1432598400,40.637,40.637,40.255,40.637,96200
VNM,2015-05-27,1432684800,40.255,40.637,40.255,40.637,59630
VNM,2015-05-28,1432771200,40.255,40.637,40.255,40.637,40000
VNM,2015-05-29,1432857600,40.637,40.637,40.255,40.255,54090
VNM,2015-06-01,1433116800,40.637,41.02,40.255,40.637,124300
VNM,2015-06-02,1433203200,40.637,40.637,40.255,40.637,30810
VNM,2015-06-03,1433289600,40.637,41.02,40.255,40.637,115560
VNM,2015-06-04,1433376000,40.637,41.405,40.637,41.02,89660
VNM,2015-06-05,1433462400,41.02,41.405,40.637,41.02,72050
VNM,2015-06-08,1433721600,41.02,41.405,41.02,41.405,63350
VNM,2015-06-09,1433808000,41.405,41.405,41.02,41.02,64760
VNM,2015-06-10,1433894400,41.02,41.405,40.637,41.02,59460
VNM,2015-06-11,1433980800,41.02,41.405,41.02,41.405,144380
VNM,2015-06-12,1434067200,41.405,41.795,41.012,41.405,86640
VNM,2015-06-15,1434326400,41.012,41.405,41.012,41.405,39900
VNM,2015-06-16,1434412800,41.405,41.405,40.623,41.012,74940
VNM,2015-06-17,1434499200,41.012,41.405,40.623,41.012,101620
VNM,2015-06-18,1434585600,41.012,41.405,41.012,41.405,117570
VNM,2015-06-19,1434672000,41.795,42.185,41.405,41.795,499620
VNM,2015-06-22,1434931200,42.185,43.747,42.185,43.747,736130
VNM,2015-06-23,1435017600,43.747,44.137,42.966,43.357,251260
VNM,2015-06-24,1435104000,42.966,43.357,42.575,42.575,245100
VNM,2015-06-25,1435190400,42.575,43.357,42.185,43.357,258240
VNM,2015-06-26,1435276800,42.966,45.31,42.966,44.529,1019860
VNM,2015-06-29,1435536000,44.529,44.92,44.137,44.529,310320
VNM,2015-06-30,1435622400,44.137,44.529,43.747,44.137,370020
VNM,2015-07-01,1435708800,44.137,44.92,44.137,44.529,365250
VNM,2015-07-02,1435795200,44.529,44.92,44.137,44.529,158820
VNM,2015-07-03,1435881600,44.529,44.92,44.137,44.92,138790
VNM,2015-07-06,1436140800,44.92,46.091,44.92,45.31,634580
VNM,2015-07-07,1436227200,45.31,45.702,44.92,45.702,218990
VNM,2015-07-08,1436313600,45.702,45.702,44.529,44.92,271740
VNM,2015-07-09,1436400000,44.529,45.31,44.529,44.92,171970
VNM,2015-07-10,1436486400,44.92,45.31,44.529,44.92,178760
VNM,2015-07-13,1436745600,45.702,45.702,45.31,45.702,735240
VNM,2015-07-14,1436832000,45.702,46.091,45.31,46.091,311610
VNM,2015-07-15,1436918400,46.091,46.481,45.702,46.091,363400
VNM,2015-07-16,1437004800,46.091,46.091,45.31,45.702,272910
VNM,2015-07-17,1437091200,45.702,46.091,45.31,45.702,304130
VNM,2015-07-20,1437350400,45.702,45.702,44.92,45.31,189980
VNM,2015-07-21,1437436800,45.31,45.702,45.31,45.702,107860
VNM,2015-07-22,1437523200,45.702,46.481,45.31,46.481,490550
VNM,2015-07-23,1437609600,46.873,48.436,46.873,47.653,1141320
VNM,2015-07-24,1437696000,48.043,48.043,47.264,47.653,406120
VNM,2015-07-27,1437955200,47.264,47.653,46.873,47.653,325470
VNM,2015-07-28,1438041600,47.653,48.043,47.264,47.264,341670
VNM,2015-07-29,1438128000,47.264,47.653,46.873,47.264,275430
VNM,2015-07-30,1438214400,47.264,47.264,46.481,46.481,220450
VNM,2015-07-31,1438300800,46.481,47.264,46.091,46.873,403180
VNM,2015-08-03,1438560000,46.873,46.873,46.091,46.481,270000
VNM,2015-08-04,1438646400,46.481,46.481,45.702,45.702,502300
VNM,2015-08-05,1438732800,46.105,46.834,46.105,46.59,433800
VNM,2015-08-06,1438819200,46.834,47.803,46.59,47.075,492470
VNM,2015-08-07,1438905600,47.319,48.532,47.075,48.532,609920
VNM,2015-08-10,1439164800,49.503,51.929,49.503,51.929,954290
VNM,2015-08-11,1439251200,52.415,52.901,50.956,50.956,438130
VNM,2015-08-12,1439337600,50.472,50.956,49.503,49.987,714920
VNM,2015-08-13,1439424000,49.987,50.956,49.503,50.956,612320
VNM,2015-08-14,1439510400,50.956,51.929,50.472,50.956,471740
VNM,2015-08-17,1439769600,50.956,50.956,49.503,49.987,387090
VNM,2015-08-18,1439856000,49.987,50.472,49.017,49.987,510930
VNM,2015-08-19,1439942400,49.503,50.472,49.017,50.472,387520
VNM,2015-08-20,1440028800,49.987,50.472,49.503,49.503,282500
VNM,2015-08-21,1440115200,48.532,49.017,47.561,49.017,696170
VNM,2015-08-24,1440374400,48.29,48.29,45.62,45.863,1180510
VNM,2015-08-25,1440460800,44.649,47.803,44.649,46.59,799280
VNM,2015-08-26,1440547200,46.834,49.017,46.834,48.532,484130
VNM,2015-08-27,1440633600,49.017,49.017,48.046,48.29,254220
VNM,2015-08-28,1440720000,48.532,49.017,48.046,49.017,451290
VNM,2015-08-31,1440979200,49.017,49.987,48.29,48.532,296400
VNM,2015-09-01,1441065600,48.532,49.017,48.29,48.29,296390
VNM,2015-09-03,1441238400,48.29,48.532,47.561,48.046,262480
VNM,2015-09-04,1441324800,48.046,48.046,47.561,47.803,137720
VNM,2015-09-07,1441584000,47.561,47.803,47.075,47.075,338230
VNM,2015-09-08,1441670400,46.834,47.561,46.834,47.075,367250
VNM,2015-09-09,1441756800,47.561,47.561,47.075,47.319,188690
VNM,2015-09-10,1441843200,47.561,48.532,47.319,48.29,273840
VNM,2015-09-11,1441929600,48.29,48.532,47.803,47.803,142810
VNM,2015-09-14,1442188800,47.561,47.803,47.319,47.319,148920
VNM,2015-09-15,1442275200,47.319,47.803,47.075,47.319,290770
VNM,2015-09-16,1442361600,47.319,47.561,47.075,47.319,163800
VNM,2015-09-17,1442448000,47.319,47.561,47.075,47.319,263860
VNM,2015-09-18,1442534400,47.561,48.046,47.561,47.803,224860
VNM,2015-09-21,1442793600,47.803,48.29,47.561,48.046,214630
VNM,2015-09-22,1442880000,48.046,49.503,48.046,49.503,666280
VNM,2015-09-23,1442966400,49.503,50.472,49.017,49.017,388170
VNM,2015-09-24,1443052800,49.017,49.017,48.532,48.532,262400
VNM,2015-09-25,1443139200,48.532,49.017,48.29,49.017,184590
VNM,2015-09-28,1443398400,49.017,49.987,49.017,49.503,365490
VNM,2015-09-29,1443484800,49.017,49.017,48.29,48.532,259210
VNM,2015-09-30,1443571200,48.532,49.503,48.532,48.532,129690
VNM,2015-10-01,1443657600,48.532,49.017,48.532,49.017,201320
VNM,2015-10-02,1443744000,48.532,49.017,48.532,48.532,158180
VNM,2015-10-05,1444003200,49.017,50.472,48.532,49.987,851310
VNM,2015-10-06,1444089600,50.472,50.956,49.503,49.987,378660
VNM,2015-10-07,1444176000,49.503,49.987,49.017,49.503,400070
VNM,2015-10-08,1444262400,49.503,49.987,49.017,49.017,408300
VNM,2015-10-09,1444348800,49.017,49.987,49.017,49.017,319980
VNM,2015-10-12,1444608000,49.017,49.503,48.532,49.017,349150
VNM,2015-10-13,1444694400,49.017,49.503,49.017,49.503,281090
VNM,2015-10-14,1444780800,51.443,52.901,50.956,51.443,2049450
VNM,2015-10-15,1444867200,51.443,51.443,50.472,50.956,416380
VNM,2015-10-16,1444953600,50.956,52.415,50.956,51.443,850360
VNM,2015-10-19,1445212800,51.929,54.355,51.443,53.871,1296760
VNM,2015-10-20,1445299200,54.355,55.812,53.871,54.355,1153180
VNM,2015-10-21,1445385600,53.871,55.326,53.871,54.841,725530
VNM,2015-10-22,1445472000,54.355,55.326,54.355,55.326,496060
VNM,2015-10-23,1445558400,55.326,55.812,54.841,55.812,571020
VNM,2015-10-26,1445817600,56.297,56.782,54.841,54.841,766000
VNM,2015-10-27,1445904000,55.326,55.812,54.841,55.326,393940
VNM,2015-10-28,1445990400,55.812,56.297,55.326,55.326,366330
VNM,2015-10-29,1446076800,55.812,57.753,55.812,57.753,1151780
VNM,2015-10-30,1446163200,57.753,58.24,56.782,57.267,592790
VNM,2015-11-02,1446422400,57.267,57.753,56.297,56.782,715500
VNM,2015-11-03,1446508800,58.724,60.178,57.753,59.693,2358440
VNM,2015-11-04,1446595200,60.178,60.664,59.693,59.693,444780
VNM,2015-11-05,1446681600,60.178,62.606,59.693,62.12,922470
VNM,2015-11-06,1446768000,62.12,64.547,61.635,62.606,1660510
VNM,2015-11-09,1447027200,62.606,63.09,61.15,61.635,733490
VNM,2015-11-10,1447113600,61.635,62.606,61.15,62.12,649930
VNM,2015-11-11,1447200000,61.635,64.062,61.635,63.09,833270
VNM,2015-11-12,1447286400,63.577,64.062,62.12,64.062,546030
VNM,2015-11-13,1447372800,64.062,66.975,64.062,66.488,988430
VNM,2015-11-16,1447632000,66.488,67.945,66.488,67.945,924150
VNM,2015-11-17,1447718400,67.945,67.945,64.547,65.032,1871240
VNM,2015-11-18,1447804800,64.547,65.518,63.09,64.062,1392690
VNM,2015-11-19,1447891200,64.062,65.032,63.09,63.09,966290
VNM,2015-11-20,1447977600,63.09,64.547,63.09,63.577,708850
VNM,2015-11-23,1448236800,64.547,64.547,61.15,61.635,1692040
VNM,2015-11-24,1448323200,61.635,62.12,58.724,59.693,2567070
VNM,2015-11-25,1448409600,59.209,61.15,58.24,60.664,951140
VNM,2015-11-26,1448496000,60.664,61.15,59.693,59.693,244790
VNM,2015-11-27,1448582400,59.693,61.635,59.693,60.178,1118240
VNM,2015-11-30,1448841600,60.664,61.15,59.693,60.178,840700
VNM,2015-12-01,1448928000,60.178,60.178,58.724,59.209,1100600
VNM,2015-12-02,1449014400,58.724,60.178,58.724,59.693,411960
VNM,2015-12-03,1449100800,59.693,60.178,58.724,59.693,383750
VNM,2015-12-04,1449187200,59.693,59.693,58.724,59.693,253990
VNM,2015-12-07,1449446400,59.209,59.693,58.24,58.24,354390
VNM,2015-12-08,1449532800,58.24,60.664,57.267,60.664,867200
VNM,2015-12-09,1449619200,60.664,61.635,59.693,59.693,470630
VNM,2015-12-10,1449705600,59.693,60.664,59.209,59.693,252320
VNM,2015-12-11,1449792000,59.693,60.664,59.209,59.693,321070
VNM,2015-12-14,1450051200,59.693,60.664,59.209,60.178,237100
VNM,2015-12-15,1450137600,60.178,61.635,60.178,61.15,710870
VNM,2015-12-16,1450224000,61.635,62.606,61.15,62.12,662390
VNM,2015-12-17,1450310400,62.12,62.606,61.635,62.12,317610
VNM,2015-12-18,1450396800,62.12,62.606,61.635,62.12,315940
VNM,2015-12-21,1450656000,62.12,62.12,60.664,60.664,513240
VNM,2015-12-22,1450742400,61.15,61.635,60.664,60.664,434910
VNM,2015-12-23,1450828800,60.664,60.664,59.693,60.178,293550
VNM,2015-12-24,1450915200,60.178,60.664,59.693,60.664,316110
VNM,2015-12-25,1451001600,60.178,60.664,59.693,60.178,315630
VNM,2015-12-28,1451260800,60.664,62.12,60.178,61.635,821730
VNM,2015-12-29,1451347200,61.635,61.635,60.664,61.635,399590
VNM,2015-12-30,1451433600,61.635,62.12,61.15,61.635,309040
VNM,2015-12-31,1451520000,61.15,63.09,61.15,62.12,688500
VNM,2016-01-04,1451865600,62.12,62.12,60.664,61.15,469320
VNM,2016-01-05,1451952000,61.15,61.635,60.664,60.664,285680
VNM,2016-01-06,1452038400,60.664,61.15,60.178,61.15,250760
VNM,2016-01-07,1452124800,60.664,60.664,59.209,60.178,731010
VNM,2016-01-08,1452211200,59.693,59.693,58.724,59.209,615950
VNM,2016-01-11,1452470400,58.724,59.693,58.724,58.724,407320
VNM,2016-01-12,1452556800,58.724,59.693,58.724,59.693,288070
VNM,2016-01-13,1452643200,59.693,59.693,58.724,58.724,232630
VNM,2016-01-14,1452729600,58.724,59.209,58.24,58.724,338870
VNM,2016-01-15,1452816000,59.209,59.693,58.24,58.24,495560
VNM,2016-01-18,1453075200,57.753,57.753,55.326,56.782,1244120
VNM,2016-01-19,1453161600,56.297,57.753,56.297,57.753,375380
VNM,2016-01-20,1453248000,57.267,57.753,56.782,56.782,313330
VNM,2016-01-21,1453334400,56.297,57.267,55.812,56.297,333300
VNM,2016-01-22,1453420800,56.297,56.782,54.355,55.326,716530
VNM,2016-01-25,1453680000,56.297,57.267,55.812,57.267,325040
VNM,2016-01-26,1453766400,56.297,56.782,55.326,55.812,289980
VNM,2016-01-27,1453852800,56.297,56.782,55.812,56.782,276700
VNM,2016-01-28,1453939200,56.297,57.267,56.297,56.297,249720
VNM,2016-01-29,1454025600,56.297,56.782,55.812,56.297,178270
VNM,2016-02-01,1454284800,56.782,58.24,56.297,57.753,865310
VNM,2016-02-02,1454371200,57.753,58.724,57.267,57.753,251520
VNM,2016-02-03,1454457600,57.267,58.724,57.267,58.724,269870
VNM,2016-02-04,1454544000,59.693,60.178,59.209,59.209,257320
VNM,2016-02-05,1454630400,59.209,60.178,59.209,60.178,204410
VNM,2016-02-15,1455494400,59.209,61.15,59.209,61.15,473520
VNM,2016-02-16,1455580800,62.12,62.606,61.635,62.12,622180
VNM,2016-02-17,1455667200,63.577,64.547,62.606,63.09,2003290
VNM,2016-02-18,1455753600,63.577,63.577,62.12,62.606,833000
VNM,2016-02-19,1455840000,63.09,63.09,62.12,62.606,373060
VNM,2016-02-22,1456099200,62.606,63.577,62.12,63.09,763080
VNM,2016-02-23,1456185600,63.577,64.062,62.606,63.09,873310
VNM,2016-02-24,1456272000,63.09,63.577,62.606,63.577,489650
VNM,2016-02-25,1456358400,63.577,64.062,62.606,62.606,780490
VNM,2016-02-26,1456444800,63.09,63.09,62.12,63.09,538020
VNM,2016-02-29,1456704000,63.09,63.09,62.12,62.12,476190
VNM,2016-03-01,1456790400,62.12,63.577,62.12,63.09,673510
VNM,2016-03-02,1456876800,63.577,64.062,62.606,64.062,817420
VNM,2016-03-03,1456963200,64.062,64.547,63.577,63.577,430930
VNM,2016-03-04,1457049600,63.577,64.062,63.09,64.062,309870
VNM,2016-03-07,1457308800,63.577,64.547,63.577,63.577,598820
VNM,2016-03-08,1457395200,63.577,64.062,63.09,63.577,395200
VNM,2016-03-09,1457481600,63.577,64.062,63.09,63.577,164840
VNM,2016-03-10,1457568000,63.577,63.577,62.606,63.577,494890
VNM,2016-03-11,1457654400,63.09,66.004,63.09,66.004,2205510
VNM,2016-03-14,1457913600,66.004,66.488,65.032,65.518,440820
VNM,2016-03-15,1458000000,65.518,66.975,65.032,66.004,870660
VNM,2016-03-16,1458086400,66.004,66.975,65.518,66.488,376070
VNM,2016-03-17,1458172800,66.488,67.945,66.488,66.975,739970
VNM,2016-03-18,1458259200,66.488,66.975,66.488,66.975,335290
VNM,2016-03-21,1458518400,66.488,67.459,65.518,65.518,539910
VNM,2016-03-22,1458604800,65.518,65.518,64.062,64.547,1036240
VNM,2016-03-23,1458691200,64.547,65.518,64.547,65.032,389980
VNM,2016-03-24,1458777600,65.032,66.004,64.547,65.518,568030
VNM,2016-03-25,1458864000,65.032,65.518,64.062,65.032,597170
VNM,2016-03-28,1459123200,65.032,65.518,64.547,65.518,177060
VNM,2016-03-29,1459209600,65.518,66.004,65.032,65.032,364550
VNM,2016-03-30,1459296000,65.032,66.488,64.547,66.004,645090
VNM,2016-03-31,1459382400,66.004,66.488,65.032,65.032,499710
VNM,2016-04-01,1459468800,65.032,66.004,64.547,65.032,786790
VNM,2016-04-04,1459728000,65.032,65.518,64.547,65.032,260660
VNM,2016-04-05,1459814400,66.004,66.488,65.518,66.488,590930
VNM,2016-04-06,1459900800,66.488,66.488,65.518,66.488,325000
VNM,2016-04-07,1459987200,66.488,68.915,66.004,68.431,2120080
VNM,2016-04-08,1460073600,68.431,69.886,67.945,69.399,1047870
VNM,2016-04-11,1460332800,69.886,70.37,69.399,69.399,815800
VNM,2016-04-12,1460419200,69.399,69.886,68.915,69.399,686480
VNM,2016-04-13,1460505600,69.399,70.37,68.915,68.915,681500
VNM,2016-04-14,1460592000,68.915,69.886,68.431,68.915,671070
VNM,2016-04-15,1460678400,69.399,70.37,69.399,69.399,624610
VNM,2016-04-19,1461024000,69.399,69.886,67.459,67.459,1117610
VNM,2016-04-20,1461110400,67.459,67.945,65.518,66.004,1698460
VNM,2016-04-21,1461196800,66.488,66.975,65.518,66.488,748780
VNM,2016-04-22,1461283200,66.488,68.431,66.488,67.945,938560
VNM,2016-04-25,1461542400,68.915,69.399,67.459,67.459,886480
VNM,2016-04-26,1461628800,67.459,67.945,67.459,67.945,604360
VNM,2016-04-27,1461715200,68.431,68.431,66.975,66.975,557430
VNM,2016-04-28,1461801600,67.459,67.459,66.975,66.975,483970
VNM,2016-04-29,1461888000,66.975,67.459,66.975,67.459,465510
VNM,2016-05-04,1462320000,67.945,69.399,67.459,68.915,833130
VNM,2016-05-05,1462406400,68.915,69.886,68.915,68.915,615970
VNM,2016-05-06,1462492800,69.399,69.399,68.915,68.915,599150
VNM,2016-05-09,1462752000,70.856,71.343,69.399,69.886,1908180
VNM,2016-05-10,1462838400,69.399,69.886,68.915,69.399,357200
VNM,2016-05-11,1462924800,69.399,70.856,69.399,70.856,444790
VNM,2016-05-12,1463011200,70.856,71.343,69.886,70.37,402470
VNM,2016-05-13,1463097600,70.37,70.856,69.886,69.886,329960
VNM,2016-05-16,1463356800,69.886,71.343,69.886,70.856,656960
VNM,2016-05-17,1463443200,71.827,71.827,70.856,71.343,1078900
VNM,2016-05-18,1463529600,71.343,71.343,70.37,70.37,637860
VNM,2016-05-19,1463616000,70.37,70.856,69.886,70.37,377230
VNM,2016-05-20,1463702400,70.856,71.343,70.37,70.856,397920
VNM,2016-05-23,1463961600,71.343,71.343,70.37,70.856,715290
VNM,2016-05-24,1464048000,70.856,70.856,70.37,70.37,476530
VNM,2016-05-25,1464134400,70.37,70.856,69.886,69.886,450900
VNM,2016-05-26,1464220800,69.886,69.886,68.431,68.431,963010
VNM,2016-05-27,1464307200,68.431,69.399,68.431,69.399,332540
VNM,2016-05-30,1464566400,69.399,69.399,68.431,68.915,282620
VNM,2016-05-31,1464652800,69.399,69.399,68.915,68.915,202240
VNM,2016-06-01,1464739200,68.431,68.915,67.945,68.431,622250
VNM,2016-06-02,1464825600,68.431,68.915,68.431,68.431,365590
VNM,2016-06-03,1464912000,68.923,68.923,67.938,68.431,508090
VNM,2016-06-06,1465171200,68.431,68.431,66.953,66.953,661120
VNM,2016-06-07,1465257600,66.953,67.444,66.461,67.444,439670
VNM,2016-06-08,1465344000,67.938,68.431,67.444,67.938,292560
VNM,2016-06-09,1465430400,67.938,67.938,67.444,67.938,199430
VNM,2016-06-10,1465516800,67.938,67.938,66.953,67.444,333760
VNM,2016-06-13,1465776000,66.953,67.444,66.461,67.444,280500
VNM,2016-06-14,1465862400,66.953,67.444,66.461,67.444,175590
VNM,2016-06-15,1465948800,66.953,67.938,66.461,67.444,267060
VNM,2016-06-16,1466035200,67.938,68.431,67.444,67.444,198930
VNM,2016-06-17,1466121600,67.444,67.938,66.953,67.444,208430
VNM,2016-06-20,1466380800,67.444,67.938,66.953,67.444,276920
VNM,2016-06-21,1466467200,67.938,68.923,67.938,68.431,609500
VNM,2016-06-22,1466553600,68.431,68.923,67.938,68.431,276520
VNM,2016-06-23,1466640000,67.938,69.414,67.938,68.923,1145260
VNM,2016-06-24,1466726400,68.923,68.923,64.983,67.444,1764890
VNM,2016-06-27,1466985600,66.953,67.444,65.968,67.444,681400
VNM,2016-06-28,1467072000,67.444,70.891,66.953,68.923,2005670
VNM,2016-06-29,1467158400,69.414,69.414,68.431,68.431,830840
VNM,2016-06-30,1467244800,68.923,69.906,68.923,69.414,687180
VNM,2016-07-01,1467331200,70.891,70.891,69.906,70.398,1171460
VNM,2016-07-04,1467590400,71.385,71.385,70.398,71.385,878780
VNM,2016-07-05,1467676800,71.385,71.875,70.398,70.891,719200
VNM,2016-07-06,1467763200,70.891,70.891,69.906,70.398,401510
VNM,2016-07-07,1467849600,70.891,72.368,70.398,72.368,1355810
VNM,2016-07-08,1467936000,72.368,73.354,71.875,72.368,654500
VNM,2016-07-11,1468195200,72.368,73.354,71.385,71.875,554950
VNM,2016-07-12,1468281600,71.875,72.368,70.891,72.368,644290
VNM,2016-07-13,1468368000,72.368,72.861,71.875,72.368,444730
VNM,2016-07-14,1468454400,71.875,72.861,71.385,71.875,1249220
VNM,2016-07-15,1468540800,71.875,72.861,71.385,72.368,491430
VNM,2016-07-18,1468800000,72.861,74.338,72.368,73.845,1083560
VNM,2016-07-19,1468886400,73.845,76.307,73.845,75.322,1838230
VNM,2016-07-20,1468972800,75.813,78.274,74.829,77.784,1548000
VNM,2016-07-21,1469059200,78.768,79.754,76.799,77.289,1758070
VNM,2016-07-22,1469145600,77.784,78.274,74.829,76.799,2099510
VNM,2016-07-25,1469404800,77.289,77.289,75.813,75.813,551630
VNM,2016-07-26,1469491200,75.813,77.784,75.322,77.289,1021030
VNM,2016-07-27,1469577600,77.784,78.274,77.289,77.784,594750
VNM,2016-07-28,1469664000,77.784,79.26,77.784,78.768,1316550
VNM,2016-07-29,1469750400,78.768,79.26,77.784,77.784,1004950
VNM,2016-08-01,1470009600,78.274,78.274,75.813,76.307,1706560
VNM,2016-08-02,1470096000,75.813,76.307,74.829,74.829,1681750
VNM,2016-08-03,1470182400,75.322,76.307,74.829,75.813,660790
VNM,2016-08-04,1470268800,76.307,77.784,75.813,76.799,1142360
VNM,2016-08-05,1470355200,76.799,77.784,76.307,77.784,839620
VNM,2016-08-08,1470614400,77.784,78.274,77.289,77.784,657180
VNM,2016-08-09,1470700800,78.274,80.245,78.274,79.754,1906470
VNM,2016-08-10,1470787200,80.245,81.23,79.754,80.737,1339110
VNM,2016-08-11,1470873600,81.23,83.198,80.737,83.198,1682430
VNM,2016-08-12,1470960000,84.676,86.153,82.707,82.707,3172710
VNM,2016-08-15,1471219200,82.707,83.69,82.214,83.198,1144990
VNM,2016-08-16,1471305600,83.198,84.183,83.198,83.198,1086530
VNM,2016-08-17,1471392000,83.69,84.676,83.198,84.183,1335230
VNM,2016-08-18,1471478400,84.676,85.659,84.183,85.659,2115570
VNM,2016-08-19,1471564800,87.676,88.884,85.861,86.468,3527830
VNM,2016-08-22,1471824000,86.468,87.07,84.652,84.652,1276220
VNM,2016-08-23,1471910400,84.652,86.468,84.047,86.468,1074520
VNM,2016-08-24,1471996800,87.07,88.282,86.468,87.676,1173980
VNM,2016-08-25,1472083200,87.676,88.282,86.468,87.676,609070
VNM,2016-08-26,1472169600,87.07,88.282,87.07,88.282,961360
VNM,2016-08-29,1472428800,88.282,93.722,88.282,91.304,3289040
VNM,2016-08-30,1472515200,91.908,92.513,90.699,91.908,1752690
VNM,2016-08-31,1472601600,92.513,94.325,92.513,94.325,2108900
VNM,2016-09-01,1472688000,94.325,94.325,91.908,93.117,2630100
VNM,2016-09-05,1473033600,93.117,94.325,91.304,93.117,2682460
VNM,2016-09-06,1473120000,93.117,93.117,90.699,90.699,1732660
VNM,2016-09-07,1473206400,90.095,90.095,86.468,88.282,4166500
VNM,2016-09-08,1473292800,87.676,89.49,87.07,88.884,2287900
VNM,2016-09-09,1473379200,89.49,89.49,86.468,86.468,1741810
VNM,2016-09-12,1473638400,87.07,88.159,85.196,85.378,2182400
VNM,2016-09-13,1473724800,85.378,88.159,84.107,87.617,2425810
VNM,2016-09-14,1473811200,87.07,87.372,85.982,87.07,875800
VNM,2016-09-15,1473897600,87.131,87.435,86.163,86.468,1445440
VNM,2016-09-16,1473984000,86.468,86.468,83.443,83.443,6624630
VNM,2016-09-19,1474243200,84.652,84.652,82.113,82.234,3028480
VNM,2016-09-20,1474329600,81.628,82.234,80.419,82.234,2676170
VNM,2016-09-21,1474416000,83.443,83.988,82.838,83.322,1460260
VNM,2016-09-22,1474502400,83.443,84.349,82.96,82.96,952970
VNM,2016-09-23,1474588800,82.779,84.895,82.536,84.652,1718800
VNM,2016-09-26,1474848000,84.652,85.317,84.411,85.257,1518050
VNM,2016-09-27,1474934400,85.257,85.499,84.652,84.652,1074130
VNM,2016-09-28,1475020800,84.956,85.077,84.228,84.652,1476100
VNM,2016-09-29,1475107200,84.652,85.196,84.471,84.652,2074740
VNM,2016-09-30,1475193600,84.652,85.196,84.652,84.652,989150
VNM,2016-10-03,1475452800,85.196,85.196,84.772,84.956,1069050
VNM,2016-10-04,1475539200,84.956,85.741,84.713,84.956,1378590
VNM,2016-10-05,1475625600,85.257,85.499,84.895,84.895,821370
VNM,2016-10-06,1475712000,84.895,86.105,84.895,85.861,1526360
VNM,2016-10-07,1475798400,85.861,86.224,85.015,85.62,1175020
VNM,2016-10-10,1476057600,85.62,85.62,84.713,84.713,742680
VNM,2016-10-11,1476144000,84.652,85.257,82.96,84.956,2006450
VNM,2016-10-12,1476230400,84.956,85.559,84.652,85.559,1243190
VNM,2016-10-13,1476316800,85.317,86.163,85.317,85.861,771080
VNM,2016-10-14,1476403200,85.861,87.555,85.861,87.07,2094790
VNM,2016-10-17,1476662400,86.647,87.192,85.923,85.982,711870
VNM,2016-10-18,1476748800,85.982,87.07,85.802,87.07,877320
VNM,2016-10-19,1476835200,87.07,88.582,86.527,88.282,1959520
VNM,2016-10-20,1476921600,88.282,88.582,87.372,87.617,855020
VNM,2016-10-21,1477008000,87.676,88.219,87.131,87.192,585660
VNM,2016-10-24,1477267200,87.192,87.192,85.257,85.257,1645610
VNM,2016-10-25,1477353600,85.257,85.741,84.956,85.257,1247450
VNM,2016-10-26,1477440000,85.257,85.559,85.196,85.317,405530
VNM,2016-10-27,1477526400,85.499,86.163,85.317,86.163,378630
VNM,2016-10-28,1477612800,86.163,87.131,85.861,86.647,833450
VNM,2016-10-31,1477872000,86.468,86.828,85.861,85.861,354450
VNM,2016-11-01,1477958400,86.468,86.468,85.499,85.802,560760
VNM,2016-11-02,1478044800,85.802,86.224,85.317,85.317,803900
VNM,2016-11-03,1478131200,85.257,85.499,85.077,85.499,1438620
VNM,2016-11-04,1478217600,85.499,85.802,84.956,85.196,1048780
VNM,2016-11-07,1478476800,85.257,85.317,84.713,84.772,1259230
VNM,2016-11-08,1478563200,84.956,85.196,84.835,84.895,487900
VNM,2016-11-09,1478649600,84.772,84.835,82.597,84.652,2730910
VNM,2016-11-10,1478736000,84.895,85.439,84.895,85.257,970990
VNM,2016-11-11,1478822400,85.257,85.378,84.956,84.956,789590
VNM,2016-11-14,1479081600,84.652,84.835,83.504,83.563,1635670
VNM,2016-11-15,1479168000,83.504,84.107,82.96,83.02,1937180
VNM,2016-11-16,1479254400,83.02,84.168,83.02,84.047,1694320
VNM,2016-11-17,1479340800,84.047,84.228,83.866,84.047,876780
VNM,2016-11-18,1479427200,83.504,83.745,82.96,82.96,1269760
VNM,2016-11-21,1479686400,83.443,83.988,83.382,83.745,972500
VNM,2016-11-22,1479772800,83.806,85.196,83.806,85.077,1242000
VNM,2016-11-23,1479859200,85.077,85.136,83.925,84.047,903770
VNM,2016-11-24,1479945600,83.988,83.988,82.536,82.657,2085820
VNM,2016-11-25,1480032000,82.657,82.717,80.844,81.327,2750970
VNM,2016-11-28,1480291200,81.025,81.025,77.7,78.124,3125070
VNM,2016-11-29,1480377600,79.21,81.387,78.907,81.206,2857650
VNM,2016-11-30,1480464000,81.628,85.861,81.025,83.443,5410310
VNM,2016-12-01,1480550400,83.443,83.563,81.75,81.75,1458640
VNM,2016-12-02,1480636800,81.628,82.536,81.145,81.628,1698140
VNM,2016-12-05,1480896000,81.871,82.051,81.327,81.628,1059840
VNM,2016-12-06,1480982400,81.628,81.628,80.903,81.025,921260
VNM,2016-12-07,1481068800,80.601,80.662,79.694,80.117,2071090
VNM,2016-12-08,1481155200,81.75,82.356,81.387,81.75,2784980
VNM,2016-12-09,1481241600,81.931,82.717,81.628,82.113,1512330
VNM,2016-12-12,1481500800,80.117,81.206,80.117,80.844,1685520
VNM,2016-12-13,1481587200,80.844,81.628,79.21,79.21,1451120
VNM,2016-12-14,1481673600,79.21,79.935,78.606,79.089,1192770
VNM,2016-12-15,1481760000,78.847,78.907,76.732,77.154,2740830
VNM,2016-12-16,1481846400,77.396,78.545,77.396,78.545,1677380
VNM,2016-12-19,1482105600,78.907,79.15,77.7,77.881,618600
VNM,2016-12-20,1482192000,77.7,77.819,75.159,75.34,3022290
VNM,2016-12-21,1482278400,74.978,76.611,73.467,76.247,2363690
VNM,2016-12-22,1482364800,76.247,76.791,74.433,74.433,1433510
VNM,2016-12-23,1482451200,74.372,74.978,73.527,74.978,1446200
VNM,2016-12-26,1482710400,74.978,75.281,73.828,74.07,625660
VNM,2016-12-27,1482796800,74.011,75.704,73.828,75.582,1728320
VNM,2016-12-28,1482883200,76.187,76.671,75.582,76.187,1060440
VNM,2016-12-29,1482969600,78.606,78.606,77.578,77.759,1999150
VNM,2016-12-30,1483056000,77.759,77.759,75.824,75.945,1065850
VNM,2017-01-03,1483401600,75.945,76.791,75.945,76.611,652370
VNM,2017-01-04,1483488000,77.093,77.154,76.671,76.732,659370
VNM,2017-01-05,1483574400,76.852,76.852,76.308,76.611,822360
VNM,2017-01-06,1483660800,76.611,77.154,76.187,76.187,1371760
VNM,2017-01-09,1483920000,76.611,76.671,76.187,76.187,911300
VNM,2017-01-10,1484006400,76.187,76.489,76.187,76.247,915320
VNM,2017-01-11,1484092800,76.368,76.912,76.308,76.791,838220
VNM,2017-01-12,1484179200,76.791,77.033,76.549,76.791,474780
VNM,2017-01-13,1484265600,76.791,76.973,76.489,76.732,612600
VNM,2017-01-16,1484524800,76.791,76.852,76.428,76.489,602630
VNM,2017-01-17,1484611200,76.611,76.611,76.247,76.247,582380
VNM,2017-01-18,1484697600,76.187,76.308,75.704,76.187,852000
VNM,2017-01-19,1484784000,76.368,76.368,76.126,76.187,862790
VNM,2017-01-20,1484870400,76.187,77.578,76.187,76.791,1594930
VNM,2017-01-23,1485129600,76.791,78.061,76.791,77.396,1825560
VNM,2017-01-24,1485216000,78.002,78.124,77.396,77.396,932170
VNM,2017-01-25,1485302400,77.396,78.124,77.396,78.002,1485910
VNM,2017-02-02,1485993600,78.305,80.662,78.002,80.419,1700550
VNM,2017-02-03,1486080000,81.568,82.779,80.722,80.963,1608110
VNM,2017-02-06,1486339200,81.085,81.145,80.3,80.54,1331990
VNM,2017-02-07,1486425600,80.54,81.206,80.117,80.903,738710
VNM,2017-02-08,1486512000,80.903,81.266,80.722,80.963,448850
VNM,2017-02-09,1486598400,81.206,81.327,81.025,81.085,814060
VNM,2017-02-10,1486684800,81.085,81.085,80.844,80.903,2093370
VNM,2017-02-13,1486944000,80.903,81.025,80.662,80.903,694280
VNM,2017-02-14,1487030400,80.903,80.963,80.238,80.359,673070
VNM,2017-02-15,1487116800,80.419,80.54,80.3,80.419,862020
VNM,2017-02-16,1487203200,80.419,80.662,79.572,79.816,666900
VNM,2017-02-17,1487289600,79.816,79.875,78.485,78.606,953520
VNM,2017-02-20,1487548800,78.606,78.969,78.606,78.606,484790
VNM,2017-02-21,1487635200,78.606,79.391,78.182,78.789,817670
VNM,2017-02-22,1487721600,78.789,79.331,78.727,78.847,590120
VNM,2017-02-23,1487808000,78.847,78.907,78.061,78.789,613250
VNM,2017-02-24,1487894400,78.606,79.754,78.305,79.754,1319730
VNM,2017-02-27,1488153600,79.816,80.179,79.694,79.694,759760
VNM,2017-02-28,1488240000,79.694,79.754,79.15,79.453,769690
VNM,2017-03-01,1488326400,79.028,79.634,79.028,79.089,587180
VNM,2017-03-02,1488412800,79.089,79.089,78.424,78.424,482040
VNM,2017-03-03,1488499200,78.424,78.666,78.182,78.545,508470
VNM,2017-03-06,1488758400,78.424,79.21,78.305,79.15,736590
VNM,2017-03-07,1488844800,78.606,79.089,78.545,78.606,444700
VNM,2017-03-08,1488931200,78.606,79.572,78.606,78.969,639360
VNM,2017-03-09,1489017600,79.15,79.15,78.847,78.907,409260
VNM,2017-03-10,1489104000,78.907,78.969,78.545,78.545,427360
VNM,2017-03-13,1489363200,78.606,78.969,78.424,78.424,342480
VNM,2017-03-14,1489449600,78.485,79.15,78.485,79.028,489770
VNM,2017-03-15,1489536000,79.089,80.419,79.028,80.419,1182810
VNM,2017-03-16,1489622400,80.419,81.266,80.419,81.025,905990
VNM,2017-03-17,1489708800,81.085,81.387,80.782,81.025,1035520
VNM,2017-03-20,1489968000,80.54,81.509,80.057,80.963,730260
VNM,2017-03-21,1490054400,80.722,82.234,80.722,81.992,819240
VNM,2017-03-22,1490140800,81.809,83.866,81.809,82.597,1472340
VNM,2017-03-23,1490227200,82.597,84.895,82.597,84.772,2051790
VNM,2017-03-24,1490313600,85.136,85.861,85.077,85.68,1083750
VNM,2017-03-27,1490572800,86.405,86.951,85.559,85.861,1066240
VNM,2017-03-28,1490659200,86.286,86.468,84.047,85.136,1026200
VNM,2017-03-29,1490745600,84.713,85.861,84.652,85.741,773630
VNM,2017-03-30,1490832000,85.741,87.07,85.741,87.07,1175100
VNM,2017-03-31,1490918400,87.494,87.735,86.647,86.647,1382240
VNM,2017-04-03,1491177600,86.647,87.435,86.647,87.253,802030
VNM,2017-04-04,1491264000,87.253,87.253,86.828,87.07,1063990
VNM,2017-04-05,1491350400,86.769,87.07,86.163,86.707,788830
VNM,2017-04-07,1491523200,85.68,86.587,85.439,86.224,905370
VNM,2017-04-10,1491782400,86.224,86.346,85.802,86.224,604270
VNM,2017-04-11,1491868800,86.224,86.89,86.163,86.769,465400
VNM,2017-04-12,1491955200,87.07,87.313,86.707,87.07,758300
VNM,2017-04-13,1492041600,86.769,87.011,86.527,86.527,322970
VNM,2017-04-14,1492128000,86.224,86.468,85.136,85.68,622350
VNM,2017-04-17,1492387200,85.077,86.224,85.077,85.861,884170
VNM,2017-04-18,1492473600,85.923,87.435,85.861,87.313,1900380
VNM,2017-04-19,1492560000,87.313,88.219,87.313,87.917,968630
VNM,2017-04-20,1492646400,87.979,87.979,87.435,87.617,427660
VNM,2017-04-21,1492732800,87.617,87.857,87.192,87.494,445370
VNM,2017-04-24,1492992000,87.192,87.494,86.769,87.07,562400
VNM,2017-04-25,1493078400,86.951,86.951,86.405,86.707,472730
VNM,2017-04-26,1493164800,86.707,87.011,86.163,87.011,272660
VNM,2017-04-27,1493251200,87.192,88.582,86.951,88.582,1185660
VNM,2017-04-28,1493337600,88.884,89.852,88.703,89.49,1414090
VNM,2017-05-03,1493769600,89.549,89.913,89.549,89.672,879460
VNM,2017-05-04,1493856000,90.101,91.326,89.855,91.02,999850
VNM,2017-05-05,1493942400,90.407,90.897,89.855,89.855,524400
VNM,2017-05-08,1494201600,89.855,89.917,88.936,89.425,813270
VNM,2017-05-09,1494288000,89.364,89.364,87.831,88.26,937160
VNM,2017-05-10,1494374400,88.015,89.179,87.831,88.506,643400
VNM,2017-05-11,1494460800,88.751,88.751,88.201,88.567,465950
VNM,2017-05-12,1494547200,88.567,89.059,88.322,88.751,594730
VNM,2017-05-15,1494806400,88.874,89.059,87.893,88.201,820620
VNM,2017-05-16,1494892800,88.26,88.506,87.954,87.954,531270
VNM,2017-05-17,1494979200,87.954,90.407,87.954,90.101,1231010
VNM,2017-05-18,1495065600,88.567,89.793,88.567,89.488,580440
VNM,2017-05-19,1495152000,89.488,90.712,89.304,90.652,816280
VNM,2017-05-22,1495411200,90.652,92.184,90.592,92.123,1210850
VNM,2017-05-23,1495497600,92.123,93.165,92.123,92.858,730180
VNM,2017-05-24,1495584000,92.858,93.103,91.938,92.858,702140
VNM,2017-05-25,1495670400,92.858,92.858,91.755,91.938,619520
VNM,2017-05-26,1495756800,91.633,93.165,91.633,93.165,427910
VNM,2017-05-29,1496016000,93.165,93.348,92.795,92.98,356250
VNM,2017-05-30,1496102400,92.795,92.92,91.509,91.755,460930
VNM,2017-05-31,1496188800,91.938,93.348,91.693,91.755,1328060
VNM,2017-06-01,1496275200,92.552,93.103,92.001,93.103,597180
VNM,2017-06-02,1496361600,92.552,93.165,92.061,92.49,496020
VNM,2017-06-05,1496620800,92.49,95.31,92.49,94.206,749080
VNM,2017-06-06,1496707200,94.39,94.88,94.206,94.512,239400
VNM,2017-06-07,1496793600,94.697,94.758,93.777,94.39,740420
VNM,2017-06-08,1496880000,94.39,94.39,94.023,94.144,207740
VNM,2017-06-09,1496966400,94.328,94.39,94.084,94.206,329670
VNM,2017-06-12,1497225600,94.206,94.268,93.471,93.593,505720
VNM,2017-06-13,1497312000,93.532,93.532,92.92,93.348,636190
VNM,2017-06-14,1497398400,93.348,94.206,93.286,94.084,536000
VNM,2017-06-15,1497484800,94.084,94.575,93.96,94.268,414540
VNM,2017-06-16,1497571200,95.004,95.004,93.777,93.777,1161370
VNM,2017-06-19,1497830400,93.901,94.636,93.839,94.636,740530
VNM,2017-06-20,1497916800,94.636,94.636,93.593,93.777,894760
VNM,2017-06-21,1498003200,93.532,94.268,92.858,94.268,912700
VNM,2017-06-22,1498089600,93.839,94.268,93.654,93.717,244120
VNM,2017-06-23,1498176000,93.717,93.839,93.532,93.777,344920
VNM,2017-06-26,1498435200,93.777,94.084,93.348,94.023,267450
VNM,2017-06-27,1498521600,94.023,94.206,93.96,94.084,542230
VNM,2017-06-28,1498608000,94.084,95.31,94.084,95.249,918320
VNM,2017-06-29,1498694400,95.31,95.555,94.88,94.88,312720
VNM,2017-06-30,1498780800,94.88,96.781,94.88,96.597,1344660
VNM,2017-07-03,1499040000,96.842,96.842,96.045,96.229,562340
VNM,2017-07-04,1499126400,96.168,96.168,95.678,95.923,324350
VNM,2017-07-05,1499212800,95.678,96.045,95.555,95.984,438550
VNM,2017-07-06,1499299200,96.537,96.966,96.045,96.537,549800
VNM,2017-07-07,1499385600,96.842,96.842,94.512,94.512,976360
VNM,2017-07-10,1499644800,94.512,94.819,92.675,92.98,992910
VNM,2017-07-11,1499731200,92.98,93.777,92.98,93.777,518150
VNM,2017-07-12,1499817600,94.268,95.555,93.654,95.249,541660
VNM,2017-07-13,1499904000,96.229,96.229,95.616,95.8,500840
VNM,2017-07-14,1499990400,95.8,95.8,95.004,95.065,690430
VNM,2017-07-17,1500249600,94.39,95.004,92.92,93.103,553330
VNM,2017-07-18,1500336000,93.165,93.777,92.552,93.165,637870
VNM,2017-07-19,1500422400,93.777,94.636,93.593,93.777,375820
VNM,2017-07-20,1500508800,93.165,93.717,93.103,93.165,727990
VNM,2017-07-21,1500595200,92.675,93.165,92.675,92.858,464940
VNM,2017-07-24,1500854400,92.612,93.165,91.938,93.042,704570
VNM,2017-07-25,1500940800,92.858,93.165,92.675,93.042,175170
VNM,2017-07-26,1501027200,93.165,94.206,93.103,93.777,338260
VNM,2017-07-27,1501113600,93.777,93.777,93.593,93.717,214220
VNM,2017-07-28,1501200000,93.717,93.839,93.717,93.777,342150
VNM,2017-07-31,1501459200,93.777,93.777,93.471,93.532,682960
VNM,2017-08-01,1501545600,93.532,93.532,92.612,92.612,811580
VNM,2017-08-02,1501632000,92.612,93.471,92.612,93.41,1066000
VNM,2017-08-03,1501718400,93.901,94.575,93.777,94.39,702810
VNM,2017-08-04,1501804800,94.39,94.575,94.268,94.39,290860
VNM,2017-08-07,1502064000,94.39,94.39,93.777,94.206,384100
VNM,2017-08-08,1502150400,94.206,94.206,93.042,93.165,1197600
VNM,2017-08-09,1502236800,93.165,93.165,90.958,91.938,1116820
VNM,2017-08-10,1502323200,91.938,93.042,91.938,92.858,392360
VNM,2017-08-11,1502409600,92.858,93.165,91.938,92.858,691600
VNM,2017-08-14,1502668800,93.169,93.169,92.734,92.982,927460
VNM,2017-08-15,1502755200,92.982,93.169,92.236,92.236,537150
VNM,2017-08-16,1502841600,92.051,92.051,90.745,91.616,427170
VNM,2017-08-17,1502928000,91.616,92.608,91.304,92.422,842250
VNM,2017-08-18,1503014400,91.988,92.794,91.988,92.671,355880
VNM,2017-08-21,1503273600,92.734,92.734,92.485,92.485,247430
VNM,2017-08-22,1503360000,92.547,92.547,92.051,92.236,418410
VNM,2017-08-23,1503446400,92.174,92.236,91.802,92.236,403240
VNM,2017-08-24,1503532800,91.988,92.236,91.988,92.113,244450
VNM,2017-08-25,1503619200,92.236,92.236,91.988,92.236,274610
VNM,2017-08-28,1503878400,92.236,92.236,91.74,92.113,323280
VNM,2017-08-29,1503964800,91.928,92.113,91.554,91.616,670760
VNM,2017-08-30,1504051200,91.616,91.988,91.616,91.928,515460
VNM,2017-08-31,1504137600,92.236,93.479,92.113,92.174,591080
VNM,2017-09-01,1504224000,92.485,94.1,92.485,94.1,549830
VNM,2017-09-05,1504569600,94.1,94.908,93.851,94.784,860140
VNM,2017-09-06,1504656000,94.659,94.659,93.604,93.789,325420
VNM,2017-09-07,1504742400,93.604,93.604,92.794,92.858,433550
VNM,2017-09-08,1504828800,92.547,92.92,92.422,92.608,303590
VNM,2017-09-11,1505088000,92.608,92.608,92.051,92.174,664250
VNM,2017-09-12,1505174400,91.802,92.236,91.74,91.988,676440
VNM,2017-09-13,1505260800,92.051,92.051,91.928,92.051,991330
VNM,2017-09-14,1505347200,91.928,92.174,91.928,92.113,805690
VNM,2017-09-15,1505433600,91.864,92.113,91.677,91.928,1520080
VNM,2017-09-18,1505692800,91.616,93.169,91.616,92.547,555240
VNM,2017-09-19,1505779200,92.547,92.671,92.174,92.174,343070
VNM,2017-09-20,1505865600,92.174,92.671,91.928,92.485,367110
VNM,2017-09-21,1505952000,92.236,92.236,91.928,91.928,741410
VNM,2017-09-22,1506038400,91.928,92.236,91.74,91.74,353760
VNM,2017-09-25,1506297600,91.74,91.928,91.43,91.928,254360
VNM,2017-09-26,1506384000,91.928,92.3,91.74,91.988,338160
VNM,2017-09-27,1506470400,91.928,92.236,91.864,91.928,310820
VNM,2017-09-28,1506556800,91.928,92.547,91.864,92.547,440360
VNM,2017-09-29,1506643200,92.547,93.789,92.485,92.671,996610
VNM,2017-10-02,1506902400,92.608,92.858,92.174,92.236,297110
VNM,2017-10-03,1506988800,92.3,92.3,91.74,91.864,634960
VNM,2017-10-04,1507075200,91.802,92.236,91.74,92.236,305930
VNM,2017-10-05,1507161600,92.3,92.92,92.113,92.547,465810
VNM,2017-10-06,1507248000,92.92,93.354,92.547,92.547,910760
VNM,2017-10-09,1507507200,92.547,92.671,91.988,92.485,146010
VNM,2017-10-10,1507593600,92.051,92.422,92.051,92.236,396010
VNM,2017-10-11,1507680000,92.236,92.422,92.051,92.236,626740
VNM,2017-10-12,1507766400,92.236,92.3,91.928,91.928,397590
VNM,2017-10-13,1507852800,91.928,92.794,91.928,92.794,500040
VNM,2017-10-16,1508112000,93.106,93.231,92.3,92.3,681780
VNM,2017-10-17,1508198400,92.3,92.671,92.236,92.608,398020
VNM,2017-10-18,1508284800,92.547,92.92,92.547,92.547,385670
VNM,2017-10-19,1508371200,92.547,92.547,92.236,92.422,387120
VNM,2017-10-20,1508457600,92.3,92.422,92.236,92.236,260000
VNM,2017-10-23,1508716800,92.236,92.236,91.802,91.928,589480
VNM,2017-10-24,1508803200,91.864,92.547,91.677,92.547,676220
VNM,2017-10-25,1508889600,92.547,93.541,92.547,93.479,904450
VNM,2017-10-26,1508976000,93.541,94.349,93.541,94.286,974570
VNM,2017-10-27,1509062400,94.411,94.659,94.286,94.659,768310
VNM,2017-10-30,1509321600,94.784,94.784,94.164,94.349,557510
VNM,2017-10-31,1509408000,94.349,94.349,93.789,93.789,962120
VNM,2017-11-01,1509494400,93.789,96.584,93.789,96.274,1499790
VNM,2017-11-02,1509580800,96.274,98.014,95.778,96.833,1117310
VNM,2017-11-03,1509667200,96.833,96.896,95.343,96.399,469800
VNM,2017-11-06,1509926400,96.399,98.138,96.399,98.138,1120090
VNM,2017-11-07,1510012800,98.138,98.448,97.517,98.014,561000
VNM,2017-11-08,1510099200,98.014,99.753,98.014,99.504,2431670
VNM,2017-11-09,1510185600,99.504,101.243,98.946,100.933,2051860
VNM,2017-11-10,1510272000,100.809,107.951,100.623,107.951,9270450
VNM,2017-11-13,1510531200,108.697,115.033,108.077,114.597,4495140
VNM,2017-11-14,1510617600,112.424,113.169,108.697,111.805,1489540
VNM,2017-11-15,1510704000,109.194,114.286,109.194,112.921,1215870
VNM,2017-11-16,1510790400,112.424,114.286,111.927,113.79,637980
VNM,2017-11-17,1510876800,113.79,114.223,113.169,113.79,645550
VNM,2017-11-20,1511136000,113.605,116.523,112.735,116.151,964830
VNM,2017-11-21,1511222400,116.151,121.554,116.151,117.392,1128220
VNM,2017-11-22,1511308800,117.268,117.392,111.805,114.846,1829730
VNM,2017-11-23,1511395200,114.846,117.392,113.108,114.846,664960
VNM,2017-11-24,1511481600,112.735,115.528,112.485,114.908,678800
VNM,2017-11-27,1511740800,114.286,115.219,113.727,114.908,693370
VNM,2017-11-28,1511827200,113.665,114.908,113.665,114.908,380450
VNM,2017-11-29,1511913600,114.286,115.156,114.286,114.908,464670
VNM,2017-11-30,1512000000,114.908,117.703,114.846,115.964,1076240
VNM,2017-12-01,1512086400,116.151,121.74,116.151,121.74,1252580
VNM,2017-12-04,1512345600,121.74,127.393,121.74,126.088,1419300
VNM,2017-12-05,1512432000,126.088,127.33,122.982,123.604,710070
VNM,2017-12-06,1512518400,121.12,122.362,116.274,121.12,949920
VNM,2017-12-07,1512604800,121.12,122.92,115.528,115.528,1188910
VNM,2017-12-08,1512691200,115.528,120.001,115.528,116.833,839440
VNM,2017-12-11,1512950400,116.833,120.622,116.833,118.635,843650
VNM,2017-12-12,1513036800,119.877,121.057,118.013,120.809,757020
VNM,2017-12-13,1513123200,120.809,121.367,119.566,120.995,652890
VNM,2017-12-14,1513209600,121.43,124.845,121.12,124.845,837490
VNM,2017-12-15,1513296000,124.845,124.845,121.12,122.362,1865860
VNM,2017-12-18,1513555200,124.845,127.64,123.229,127.33,1218260
VNM,2017-12-19,1513641600,127.33,127.889,126.088,126.088,1086070
VNM,2017-12-20,1513728000,124.845,127.142,124.225,125.467,554110
VNM,2017-12-21,1513814400,124.845,127.142,124.845,126.648,467120
VNM,2017-12-22,1513900800,126.088,126.709,125.467,126.025,442910
VNM,2017-12-25,1514160000,125.529,125.964,124.1,124.225,377420
VNM,2017-12-26,1514246400,124.225,126.025,123.977,126.025,415160
VNM,2017-12-27,1514332800,127.142,127.64,126.709,127.33,754980
VNM,2017-12-28,1514419200,128.269,128.582,127.644,128.394,652970
VNM,2017-12-29,1514505600,127.33,132.961,127.33,130.521,893540
VNM,2018-01-02,1514851200,132.023,132.586,130.521,132.336,372760
VNM,2018-01-03,1514937600,133.589,134.526,132.712,133.837,557370
VNM,2018-01-04,1515024000,133.337,134.526,133.337,134.401,704350
VNM,2018-01-05,1515110400,133.901,134.526,132.961,133.589,518860
VNM,2018-01-08,1515369600,133.274,133.274,130.458,131.397,674800
VNM,2018-01-09,1515456000,131.459,132.648,129.207,129.52,810590
VNM,2018-01-10,1515542400,128.394,132.023,128.394,132.023,902750
VNM,2018-01-11,1515628800,132.648,132.648,130.834,131.397,794780
VNM,2018-01-12,1515715200,131.397,132.023,130.961,131.334,585640
VNM,2018-01-15,1515974400,130.774,131.085,130.145,130.458,405160
VNM,2018-01-16,1516060800,129.645,130.458,129.645,130.335,701460
VNM,2018-01-17,1516147200,129.52,130.145,125.141,125.828,891480
VNM,2018-01-18,1516233600,125.141,128.644,124.827,128.644,921800
VNM,2018-01-19,1516320000,129.145,131.021,128.644,128.644,1094050
VNM,2018-01-22,1516579200,129.52,132.461,128.895,132.399,1031780
VNM,2018-01-25,1516838400,130.774,132.523,129.52,129.52,1059420
VNM,2018-01-26,1516924800,129.583,132.774,129.583,132.523,672410
VNM,2018-01-29,1517184000,132.523,132.648,129.207,129.207,573230
VNM,2018-01-30,1517270400,127.644,128.269,126.955,127.957,843170
VNM,2018-01-31,1517356800,126.643,129.834,125.828,127.33,1120270
VNM,2018-02-01,1517443200,127.644,129.27,125.766,127.017,451270
VNM,2018-02-02,1517529600,126.079,129.52,126.079,129.52,677340
VNM,2018-02-05,1517788800,126.704,128.269,126.204,127.08,504920
VNM,2018-02-06,1517875200,120.134,126.391,118.57,123.827,1484810
VNM,2018-02-07,1517961600,127.518,127.518,125.265,125.328,507670
VNM,2018-02-08,1518048000,125.141,125.328,122.889,123.325,234230
VNM,2018-02-09,1518134400,118.882,120.134,117.007,119.51,856530
VNM,2018-02-12,1518393600,118.256,120.134,118.256,120.134,970250
VNM,2018-02-13,1518480000,120.134,122.012,120.134,121.074,541650
VNM,2018-02-21,1519171200,123.827,127.142,121.386,127.142,649890
VNM,2018-02-22,1519257600,127.142,127.142,124.577,125.766,449840
VNM,2018-02-23,1519344000,127.017,127.33,124.513,126.391,481780
VNM,2018-02-26,1519603200,126.391,127.644,125.141,125.141,889620
VNM,2018-02-27,1519689600,126.391,126.391,123.889,125.141,457260
VNM,2018-02-28,1519776000,124.513,124.889,122.638,122.638,886780
VNM,2018-03-01,1519862400,122.638,124.513,122.638,122.638,732890
VNM,2018-03-02,1519948800,122.638,124.827,122.012,124.703,412780
VNM,2018-03-05,1520208000,125.016,128.269,124.202,126.643,712070
VNM,2018-03-06,1520294400,126.643,127.33,124.64,126.391,786240
VNM,2018-03-07,1520380800,125.828,131.397,125.828,128.957,1981110
VNM,2018-03-08,1520467200,129.52,130.961,129.52,130.774,592410
VNM,2018-03-09,1520553600,130.774,131.773,130.145,130.145,1021150
VNM,2018-03-12,1520812800,130.458,131.835,128.895,128.895,828230
VNM,2018-03-13,1520899200,128.895,132.023,128.895,131.397,1265790
VNM,2018-03-14,1520985600,131.397,133.901,130.896,133.274,1133180
VNM,2018-03-15,1521072000,133.274,133.274,131.272,131.522,623080
VNM,2018-03-16,1521158400,132.023,133.901,130.774,133.901,1730500
VNM,2018-03-19,1521417600,134.214,134.214,131.711,132.648,801280
VNM,2018-03-20,1521504000,132.648,132.648,130.774,130.774,684730
VNM,2018-03-21,1521590400,130.774,132.085,130.774,130.774,907550
VNM,2018-03-22,1521676800,132.586,132.586,130.774,130.774,478650
VNM,2018-03-23,1521763200,128.957,130.145,128.332,129.52,685220
VNM,2018-03-26,1522022400,129.52,131.711,129.27,130.458,643500
VNM,2018-03-27,1522108800,131.397,134.34,130.774,133.274,1660410
VNM,2018-03-28,1522195200,133.274,133.901,132.023,132.023,585030
VNM,2018-03-29,1522281600,132.023,132.21,129.52,129.52,758530
VNM,2018-03-30,1522368000,129.52,129.52,125.828,127.017,1529690
VNM,2018-04-02,1522627200,126.704,126.955,124.202,124.952,1768080
VNM,2018-04-03,1522713600,125.141,125.454,120.509,121.199,2017950
VNM,2018-04-04,1522800000,121.199,125.141,121.199,125.141,991130
VNM,2018-04-05,1522886400,125.141,125.141,122.513,123.451,452710
VNM,2018-04-06,1522972800,123.389,124.952,123.265,124.015,621180
VNM,2018-04-09,1523232000,124.513,124.64,123.265,123.763,699250
VNM,2018-04-10,1523318400,123.763,123.763,122.012,123.265,1093850
VNM,2018-04-11,1523404800,122.638,123.576,122.262,122.638,846970
VNM,2018-04-12,1523491200,122.951,123.138,122.262,122.826,751180
VNM,2018-04-13,1523577600,123.265,123.265,122.325,122.45,727110
VNM,2018-04-16,1523836800,122.45,122.45,118.882,118.882,653380
VNM,2018-04-17,1523923200,117.32,118.256,113.377,115.442,1217530
VNM,2018-04-18,1524009600,115.755,117.32,115.317,117.32,756500
VNM,2018-04-19,1524096000,117.32,117.819,116.631,117.32,845170
VNM,2018-04-20,1524182400,117.007,117.007,115.755,116.381,739700
VNM,2018-04-23,1524441600,115.755,116.319,113.878,114.128,636940
VNM,2018-04-24,1524528000,112.001,113.252,110.187,112.625,1469750
VNM,2018-04-26,1524700800,113.813,113.813,112.625,113.252,959520
VNM,2018-04-27,1524787200,114.128,118.256,113.878,115.755,997890
VNM,2018-05-02,1525219200,116.381,116.381,115.442,115.442,619230
VNM,2018-05-03,1525305600,117.007,117.007,115.13,115.755,878320
VNM,2018-05-04,1525392000,115.629,115.755,114.942,115.13,735730
VNM,2018-05-07,1525651200,115.755,119.196,115.442,118.882,771810
VNM,2018-05-08,1525737600,119.196,119.196,115.818,115.818,514230
VNM,2018-05-09,1525824000,115.755,116.381,115.13,115.755,555260
VNM,2018-05-10,1525910400,116.381,116.381,112.001,112.625,451010
VNM,2018-05-11,1525996800,112.625,113.252,110.75,111.375,1006620
VNM,2018-05-14,1526256000,112.001,112.625,110.124,111.375,575000
VNM,2018-05-15,1526342400,112.625,112.94,110.124,110.124,1240740
VNM,2018-05-16,1526428800,110.124,110.812,105.806,105.806,1644010
VNM,2018-05-17,1526515200,105.743,106.056,103.242,103.242,1028400
VNM,2018-05-18,1526601600,103.866,107.057,103.617,107.057,1153810
VNM,2018-05-21,1526860800,107.621,107.621,103.303,103.866,1042490
VNM,2018-05-22,1526947200,103.242,103.866,100.112,101.363,1185350
VNM,2018-05-23,1527033600,100.175,106.056,100.175,104.679,971280
VNM,2018-05-24,1527120000,105.743,105.994,104.366,105.118,807290
VNM,2018-05-25,1527206400,104.492,105.118,103.866,103.866,512860
VNM,2018-05-28,1527465600,103.242,103.553,101.363,103.242,464830
VNM,2018-05-29,1527552000,102.302,106.056,101.363,105.493,703120
VNM,2018-05-30,1527638400,105.118,105.18,103.303,103.553,491920
VNM,2018-05-31,1527724800,103.553,103.866,102.302,102.74,2231710
VNM,2018-06-01,1527811200,103.866,105.868,103.553,105.244,1051610
VNM,2018-06-04,1528070400,106.37,109.624,105.743,109.498,965230
VNM,2018-06-05,1528156800,110.443,113.538,109.498,111.708,879160
VNM,2018-06-06,1528243200,111.708,111.708,109.498,110.443,463720
VNM,2018-06-07,1528329600,110.95,112.275,110.886,111.897,401900
VNM,2018-06-08,1528416000,110.508,111.708,110.508,111.708,505520
VNM,2018-06-11,1528675200,111.708,114.862,111.39,113.663,721050
VNM,2018-06-12,1528761600,112.968,114.231,112.338,114.231,873690
VNM,2018-06-13,1528848000,114.231,114.231,113.222,114.231,472470
VNM,2018-06-14,1528934400,113.663,114.231,112.78,113.601,767750
VNM,2018-06-15,1529020800,112.716,113.914,112.338,113.601,1114730
VNM,2018-06-18,1529280000,112.401,113.474,108.993,108.993,356320
VNM,2018-06-19,1529366400,108.552,108.552,104.197,104.955,1076550
VNM,2018-06-20,1529452800,104.765,107.163,104.638,106.532,569890
VNM,2018-06-21,1529539200,106.532,107.604,106.027,107.289,381390
VNM,2018-06-22,1529625600,106.343,112.655,106.343,112.338,1123650
VNM,2018-06-25,1529884800,114.862,114.862,112.655,113.096,637320
VNM,2018-06-26,1529971200,111.39,112.338,109.814,111.013,250240
VNM,2018-06-27,1530057600,110.193,111.013,110.193,110.443,320100
VNM,2018-06-28,1530144000,109.814,110.193,106.658,107.289,748160
VNM,2018-06-29,1530230400,107.289,108.867,107.289,107.289,1164710
VNM,2018-07-02,1530489600,107.289,107.92,106.658,107.92,974640
VNM,2018-07-03,1530576000,107.289,107.352,106.658,107.289,1055480
VNM,2018-07-04,1530662400,107.289,107.289,105.396,105.396,856350
VNM,2018-07-05,1530748800,105.396,106.027,103.502,104.132,880690
VNM,2018-07-06,1530835200,103.502,107.289,103.502,104.765,449020
VNM,2018-07-09,1531094400,106.595,106.972,105.269,105.396,320530
VNM,2018-07-10,1531180800,105.396,106.595,105.396,105.396,701800
VNM,2018-07-11,1531267200,105.396,106.343,104.765,105.396,729620
VNM,2018-07-12,1531353600,105.396,106.532,105.396,106.216,158530
VNM,2018-07-13,1531440000,106.216,106.532,104.638,104.955,384360
VNM,2018-07-16,1531699200,105.522,106.216,104.638,106.027,557460
VNM,2018-07-17,1531785600,105.08,106.027,105.017,105.964,588420
VNM,2018-07-18,1531872000,106.027,106.658,105.712,106.658,503880
VNM,2018-07-19,1531958400,109.182,109.182,106.658,107.604,970590
VNM,2018-07-20,1532044800,107.795,107.795,106.783,106.972,620700
VNM,2018-07-23,1532304000,106.658,108.425,106.154,107.289,685300
VNM,2018-07-24,1532390400,107.163,107.92,106.847,107.226,566120
VNM,2018-07-25,1532476800,107.289,107.541,107.226,107.226,427050
VNM,2018-07-26,1532563200,107.226,108.236,106.658,108.236,519640
VNM,2018-07-27,1532649600,107.92,108.236,106.406,106.532,290680
VNM,2018-07-30,1532908800,106.658,107.226,105.901,106.343,453180
VNM,2018-07-31,1532995200,106.027,106.658,105.396,106.154,634220
VNM,2018-08-01,1533081600,106.027,106.154,105.144,105.332,684770
VNM,2018-08-02,1533168000,92.095,92.427,89.548,91.375,1590510
VNM,2018-08-03,1533254400,91.209,91.209,89.326,89.492,1232510
VNM,2018-08-06,1533513600,89.714,89.714,88.329,88.551,1238870
VNM,2018-08-07,1533600000,88.606,88.606,84.73,84.73,2337260
VNM,2018-08-08,1533686400,84.176,86.668,84.176,86.114,1267410
VNM,2018-08-09,1533772800,87.499,88.495,86.391,86.945,770210
VNM,2018-08-10,1533859200,86.945,87.388,86.391,87.055,908450
VNM,2018-08-13,1534118400,86.945,86.945,86.059,86.446,1245500
VNM,2018-08-14,1534204800,88.052,88.551,87.388,87.554,995480
VNM,2018-08-15,1534291200,87.775,88.828,87.609,87.775,1081050
VNM,2018-08-16,1534377600,87.499,87.831,86.169,87.831,1038700
VNM,2018-08-17,1534464000,88.052,88.329,87.775,87.775,408930
VNM,2018-08-20,1534723200,88.052,89.658,87.831,88.661,1290170
VNM,2018-08-21,1534809600,88.994,90.267,88.772,90.267,664240
VNM,2018-08-22,1534896000,90.71,90.766,89.658,90.267,640010
VNM,2018-08-23,1534982400,90.267,90.434,89.991,90.434,410280
VNM,2018-08-24,1535068800,90.434,90.434,89.824,89.824,453010
VNM,2018-08-27,1535328000,90.267,90.267,88.606,88.772,1141160
VNM,2018-08-28,1535414400,88.661,88.717,88.052,88.218,1057220
VNM,2018-08-29,1535500800,88.329,88.385,86.889,87.277,1124120
VNM,2018-08-30,1535587200,87.277,87.332,86.114,86.668,899040
VNM,2018-08-31,1535673600,86.945,87.942,86.779,86.779,726110
VNM,2018-09-04,1536019200,87.388,87.388,86.723,86.779,690780
VNM,2018-09-05,1536105600,87.508,87.508,84.276,84.478,1250390
VNM,2018-09-06,1536192000,84.478,85.084,82.122,82.19,1234110
VNM,2018-09-07,1536278400,82.122,85.892,82.122,85.555,882130
VNM,2018-09-10,1536537600,85.825,86.431,85.69,85.892,603870
VNM,2018-09-11,1536624000,85.825,89.123,85.825,88.854,1533670
VNM,2018-09-12,1536710400,89.527,90.739,88.988,89.123,1342390
VNM,2018-09-13,1536796800,88.854,89.19,88.046,88.921,655170
VNM,2018-09-14,1536883200,88.921,90.2,88.921,89.527,969270
VNM,2018-09-17,1537142400,90.2,91.546,89.729,91.546,1148720
VNM,2018-09-18,1537228800,91.614,93.431,91.008,92.893,1310670
VNM,2018-09-19,1537315200,92.893,93.027,92.152,92.758,929630
VNM,2018-09-20,1537401600,92.354,92.421,91.546,91.546,771520
VNM,2018-09-21,1537488000,91.546,92.758,90.806,92.758,1840850
VNM,2018-09-24,1537747200,92.758,92.758,91.681,92.219,639720
VNM,2018-09-25,1537833600,92.219,92.287,91.681,92.152,480150
VNM,2018-09-26,1537920000,92.152,92.152,91.748,91.883,418120
VNM,2018-09-27,1538006400,92.219,94.239,92.085,93.229,980840
VNM,2018-09-28,1538092800,93.229,93.498,92.421,92.421,520020
VNM,2018-10-01,1538352000,92.085,92.219,91.546,91.748,514820
VNM,2018-10-02,1538438400,90.873,92.623,90.873,92.219,581340
VNM,2018-10-03,1538524800,92.219,92.287,91.883,92.152,701280
VNM,2018-10-04,1538611200,92.152,92.219,91.479,92.152,304620
VNM,2018-10-05,1538697600,91.546,91.614,90.873,91.008,519180
VNM,2018-10-08,1538956800,90.267,90.671,89.527,89.527,566750
VNM,2018-10-09,1539043200,88.988,89.527,88.046,88.113,660630
VNM,2018-10-10,1539129600,87.844,88.113,87.373,87.508,636650
VNM,2018-10-11,1539216000,82.796,86.834,82.796,85.488,1182360
VNM,2018-10-12,1539302400,85.488,86.632,83.873,86.498,957810
VNM,2018-10-15,1539561600,86.834,86.834,84.546,84.613,692180
VNM,2018-10-16,1539648000,84.815,85.084,84.276,84.815,988520
VNM,2018-10-17,1539734400,85.825,85.825,85.017,85.421,444290
VNM,2018-10-18,1539820800,85.421,85.488,84.748,84.815,349110
VNM,2018-10-19,1539907200,84.209,85.353,83.536,85.353,1087950
VNM,2018-10-22,1540166400,84.815,85.353,84.68,84.68,316450
VNM,2018-10-23,1540252800,84.613,84.613,81.92,83.132,1197220
VNM,2018-10-24,1540339200,83.132,83.132,82.055,82.526,742160
VNM,2018-10-25,1540425600,80.776,81.382,78.824,80.776,1154690
VNM,2018-10-26,1540512000,82.055,82.122,81.382,81.786,643020
VNM,2018-10-29,1540771200,81.786,81.786,79.901,80.776,488810
VNM,2018-10-30,1540857600,80.776,80.776,78.959,78.959,535070
VNM,2018-10-31,1540944000,78.959,79.43,77.074,78.151,1075800
VNM,2018-11-01,1541030400,78.757,78.757,75.054,76.939,1724930
VNM,2018-11-02,1541116800,76.939,79.968,76.939,79.766,1601100
VNM,2018-11-05,1541376000,78.824,79.497,77.343,78.42,841100
VNM,2018-11-06,1541462400,78.42,79.968,77.747,79.228,1599760
VNM,2018-11-07,1541548800,79.228,81.113,79.228,80.44,1339350
VNM,2018-11-08,1541635200,81.315,81.449,80.44,80.776,815890
VNM,2018-11-09,1541721600,79.43,80.238,78.689,78.757,728150
VNM,2018-11-12,1541980800,77.612,78.757,77.478,78.757,596940
VNM,2018-11-13,1542067200,77.545,78.622,77.276,78.084,483810
VNM,2018-11-14,1542153600,78.084,79.632,77.949,79.093,674260
VNM,2018-11-15,1542240000,79.093,79.43,77.41,78.757,556360
VNM,2018-11-16,1542326400,78.757,79.093,77.41,77.41,566540
VNM,2018-11-19,1542585600,78.084,78.286,77.343,77.68,739450
VNM,2018-11-20,1542672000,77.68,78.487,77.612,78.42,715090
VNM,2018-11-21,1542758400,78.084,80.238,77.882,80.238,1113540
VNM,2018-11-22,1542844800,80.238,80.978,80.238,80.843,933880
VNM,2018-11-23,1542931200,80.709,80.709,79.093,79.43,416930
VNM,2018-11-26,1543190400,79.564,83.065,79.43,82.863,1817580
VNM,2018-11-27,1543276800,83.805,85.825,82.93,85.152,1882720
VNM,2018-11-28,1543363200,84.815,86.834,84.815,86.161,1330740
VNM,2018-11-29,1543449600,86.498,86.498,85.017,85.017,970820
VNM,2018-11-30,1543536000,84.815,86.498,84.815,86.161,1417590
VNM,2018-12-03,1543795200,86.161,90.2,86.161,89.931,1282310
VNM,2018-12-04,1543881600,90.2,91.883,89.931,91.883,1001800
VNM,2018-12-05,1543968000,90.537,91.008,88.921,89.527,1107160
VNM,2018-12-06,1544054400,88.854,89.392,87.44,88.652,1089360
VNM,2018-12-07,1544140800,88.921,90.604,88.921,90.133,509830
VNM,2018-12-10,1544400000,90.133,91.883,89.864,90.873,1003810
VNM,2018-12-11,1544486400,90.739,91.21,89.864,90.739,443060
VNM,2018-12-12,1544572800,90.267,90.806,89.527,90.2,782440
VNM,2018-12-13,1544659200,90.2,91.546,90.2,90.873,643110
VNM,2018-12-14,1544745600,90.873,91.142,90.469,90.873,260170
VNM,2018-12-17,1545004800,90.873,90.873,90.133,90.133,1043020
VNM,2018-12-18,1545091200,87.844,88.854,87.844,88.652,811850
VNM,2018-12-19,1545177600,88.248,88.517,86.834,86.902,484090
VNM,2018-12-20,1545264000,86.834,86.834,84.95,84.95,539710
VNM,2018-12-21,1545350400,83.873,84.142,82.19,82.459,1901570
VNM,2018-12-24,1545609600,82.796,85.152,82.796,84.546,459230
VNM,2018-12-25,1545696000,83.603,83.94,82.796,83.873,349610
VNM,2018-12-26,1545782400,83.252,83.252,81.849,82.851,670520
VNM,2018-12-27,1545868800,83.528,84.807,82.989,82.989,772610
VNM,2018-12-28,1545955200,83.528,84.336,80.833,80.833,1013580
VNM,2019-01-02,1546387200,81.844,83.528,81.507,83.528,403570
VNM,2019-01-03,1546473600,83.528,83.528,81.911,82.787,449730
VNM,2019-01-04,1546560000,82.517,84.201,81.507,84.201,498470
VNM,2019-01-07,1546819200,86.02,88.243,84.538,88.243,897430
VNM,2019-01-08,1546905600,88.512,88.512,86.694,87.569,448350
VNM,2019-01-09,1546992000,87.569,89.253,86.896,88.849,636050
VNM,2019-01-10,1547078400,88.849,88.917,88.176,88.714,301700
VNM,2019-01-11,1547164800,88.714,90.264,88.714,90.264,954110
VNM,2019-01-14,1547424000,89.59,90.937,89.523,90.937,611420
VNM,2019-01-15,1547510400,90.937,91.072,90.264,90.87,598510
VNM,2019-01-16,1547596800,90.264,90.735,88.917,89.59,562220
VNM,2019-01-17,1547683200,89.59,89.86,88.647,89.051,514870
VNM,2019-01-18,1547769600,89.59,90.87,89.59,90.264,545600
VNM,2019-01-21,1548028800,90.331,90.331,89.119,90.129,279380
VNM,2019-01-22,1548115200,90.398,90.937,89.59,90.264,399040
VNM,2019-01-23,1548201600,90.87,90.937,90.129,90.601,1028650
VNM,2019-01-24,1548288000,90.937,91.274,90.466,91.274,1077600
VNM,2019-01-25,1548374400,91.611,91.813,91.342,91.544,813810
VNM,2019-01-28,1548633600,91.948,92.015,91.544,91.948,487650
VNM,2019-01-29,1548720000,92.285,92.285,91.274,91.948,371010
VNM,2019-01-30,1548806400,92.015,92.015,91.274,91.274,279280
VNM,2019-01-31,1548892800,91.948,91.948,89.927,90.937,812290
VNM,2019-02-01,1548979200,91.476,91.476,89.59,90.937,731430
VNM,2019-02-11,1549843200,90.937,92.891,90.87,92.285,1357210
VNM,2019-02-12,1549929600,92.958,93.093,92.285,92.958,957440
VNM,2019-02-13,1550016000,92.958,93.228,91.746,93.16,764480
VNM,2019-02-14,1550102400,93.16,94.508,92.958,93.901,1341090
VNM,2019-02-15,1550188800,94.305,94.508,93.969,94.44,910160
VNM,2019-02-18,1550448000,94.575,95.989,94.508,95.653,1082650
VNM,2019-02-19,1550534400,96.326,96.528,95.922,96.057,1974200
VNM,2019-02-20,1550620800,96.326,96.663,96.192,96.326,983460
VNM,2019-02-21,1550707200,96.663,100.435,96.326,100.031,1859260
VNM,2019-02-22,1550793600,100.368,100.705,99.896,100.301,814320
VNM,2019-02-25,1551052800,100.368,102.793,100.166,102.119,1211040
VNM,2019-02-26,1551139200,101.042,102.389,97.673,98.414,806810
VNM,2019-02-27,1551225600,98.549,101.042,98.549,99.492,484610
VNM,2019-02-28,1551312000,100.031,100.031,95.046,95.046,976450
VNM,2019-03-01,1551398400,96.933,96.933,95.248,95.248,868720
VNM,2019-03-04,1551657600,95.316,96.933,95.316,96.259,876760
VNM,2019-03-05,1551744000,95.989,96.192,95.383,95.653,532510
VNM,2019-03-06,1551830400,95.653,96.192,93.295,94.979,711250
VNM,2019-03-07,1551916800,95.181,95.653,93.969,94.103,708000
VNM,2019-03-08,1552003200,93.632,93.969,91.342,92.285,980860
VNM,2019-03-11,1552262400,91.948,93.564,91.948,92.689,423100
VNM,2019-03-12,1552348800,92.958,93.969,92.958,93.632,560360
VNM,2019-03-13,1552435200,93.969,94.373,93.093,93.16,616010
VNM,2019-03-14,1552521600,93.632,93.632,92.082,92.621,920860
VNM,2019-03-15,1552608000,92.419,92.958,91.948,92.285,1254050
VNM,2019-03-18,1552867200,92.958,93.362,92.621,92.958,910690
VNM,2019-03-19,1552953600,92.958,92.958,92.015,92.217,936230
VNM,2019-03-20,1553040000,91.948,93.295,91.072,93.295,1269860
VNM,2019-03-21,1553126400,93.632,94.238,91.611,91.611,885480
VNM,2019-03-22,1553212800,91.611,92.285,91.274,91.948,526570
VNM,2019-03-25,1553472000,90.735,91.948,90.668,91.948,582580
VNM,2019-03-26,1553558400,91.948,92.554,91.611,91.948,684470
VNM,2019-03-27,1553644800,92.015,92.419,91.813,91.948,682000
VNM,2019-03-28,1553731200,91.88,91.948,91.072,91.072,816770
VNM,2019-03-29,1553817600,91.072,91.948,90.803,90.803,1357400
VNM,2019-04-01,1554076800,91.274,93.362,90.937,93.362,796720
VNM,2019-04-02,1554163200,94.238,94.238,92.487,93.632,1233340
VNM,2019-04-03,1554249600,93.632,93.632,92.689,93.295,683970
VNM,2019-04-04,1554336000,93.228,94.171,92.958,92.958,469730
VNM,2019-04-05,1554422400,92.958,92.958,91.813,91.813,1017700
VNM,2019-04-08,1554681600,92.554,92.756,91.948,92.419,546190
VNM,2019-04-09,1554768000,92.891,92.891,90.937,91.207,1148040
VNM,2019-04-10,1554854400,90.937,91.948,90.937,91.139,873110
VNM,2019-04-11,1554940800,91.139,91.746,91.139,91.342,383850
VNM,2019-04-12,1555027200,91.342,91.678,90.87,91.409,684520
VNM,2019-04-16,1555372800,90.937,91.88,90.937,91.611,514140
VNM,2019-04-17,1555459200,91.88,92.217,90.87,90.937,864260
VNM,2019-04-18,1555545600,90.937,91.274,90.87,91.072,601240
VNM,2019-04-19,1555632000,91.274,91.342,89.253,89.59,599290
VNM,2019-04-22,1555891200,88.243,88.917,87.03,87.3,1417290
VNM,2019-04-23,1555977600,86.289,87.232,85.346,85.548,974950
VNM,2019-04-24,1556064000,86.087,87.232,85.818,87.232,482490
VNM,2019-04-25,1556150400,87.3,87.367,86.424,87.232,414330
VNM,2019-04-26,1556236800,87.435,87.771,87.098,87.435,565240
VNM,2019-05-02,1556755200,87.569,88.31,87.367,87.569,736990
VNM,2019-05-03,1556841600,88.243,88.243,87.502,88.243,486390
VNM,2019-05-06,1557100800,87.771,87.771,86.222,86.963,368910
VNM,2019-05-07,1557187200,87.502,87.569,87.03,87.232,723470
VNM,2019-05-08,1557273600,86.289,86.963,86.222,86.222,628830
VNM,2019-05-09,1557360000,86.559,86.963,86.222,86.357,287680
VNM,2019-05-10,1557446400,86.559,87.637,86.559,87.637,366690
VNM,2019-05-13,1557705600,87.435,90.196,87.435,90.196,974030
VNM,2019-05-14,1557792000,89.051,91.88,89.051,91.274,1097910
VNM,2019-05-15,1557878400,91.274,91.88,90.533,91.342,355850
VNM,2019-05-16,1557964800,91.139,91.88,90.937,91.88,702130
VNM,2019-05-17,1558051200,91.948,91.948,91.274,91.342,435380
VNM,2019-05-20,1558310400,90.937,92.689,90.735,92.621,450900
VNM,2019-05-21,1558396800,92.285,92.285,89.927,89.927,762310
VNM,2019-05-22,1558483200,90.264,90.937,88.849,88.984,619370
VNM,2019-05-23,1558569600,88.378,89.59,88.378,88.984,429290
VNM,2019-05-24,1558656000,88.243,89.927,87.839,87.906,765150
VNM,2019-05-27,1558915200,88.243,90.264,87.502,90.264,320060
VNM,2019-05-28,1559001600,90.264,90.601,88.714,88.917,608790
VNM,2019-05-29,1559088000,89.186,90.062,88.782,89.523,271730
VNM,2019-05-30,1559174400,89.455,89.59,88.58,88.58,542710
VNM,2019-05-31,1559260800,88.512,88.782,87.232,87.232,711390
VNM,2019-06-03,1559520000,87.232,87.637,85.616,86.222,717990
VNM,2019-06-04,1559606400,86.559,86.896,86.222,86.626,472650
VNM,2019-06-05,1559692800,87.652,88.061,86.561,86.902,358780
VNM,2019-06-06,1559779200,86.902,87.106,85.811,86.22,548650
VNM,2019-06-07,1559865600,86.084,86.834,86.084,86.289,362030
VNM,2019-06-10,1560124800,86.561,87.106,85.811,86.493,561260
VNM,2019-06-11,1560211200,86.561,86.561,85.471,85.539,565400
VNM,2019-06-12,1560297600,85.334,85.743,85.266,85.334,699880
VNM,2019-06-13,1560384000,85.334,85.334,83.699,83.971,1125310
VNM,2019-06-14,1560470400,83.835,84.653,83.767,84.312,665880
VNM,2019-06-17,1560729600,84.312,84.38,83.699,84.312,632730
VNM,2019-06-18,1560816000,83.835,84.312,83.835,83.835,1039070
VNM,2019-06-19,1560902400,83.835,84.312,83.835,84.107,929690
VNM,2019-06-20,1560988800,84.176,84.176,83.903,84.039,1010200
VNM,2019-06-21,1561075200,85.539,85.539,84.039,85.539,2613920
VNM,2019-06-24,1561334400,85.811,85.811,83.903,83.903,615090
VNM,2019-06-25,1561420800,83.903,84.653,83.903,84.107,704890
VNM,2019-06-26,1561507200,83.903,84.448,83.835,84.176,497730
VNM,2019-06-27,1561593600,84.176,84.38,83.767,83.903,802160
VNM,2019-06-28,1561680000,83.835,83.971,82.812,83.835,919970
VNM,2019-07-01,1561939200,83.835,85.266,83.835,85.198,991440
VNM,2019-07-02,1562025600,85.198,85.948,84.925,85.266,716810
VNM,2019-07-03,1562112000,85.334,86.084,85.062,85.88,657870
VNM,2019-07-04,1562198400,86.016,86.289,85.948,86.016,613870
VNM,2019-07-05,1562284800,86.016,86.289,85.675,86.016,520290
VNM,2019-07-08,1562544000,85.675,85.675,84.516,84.653,969080
VNM,2019-07-09,1562630400,84.653,85.198,84.244,85.198,951440
VNM,2019-07-10,1562716800,85.198,85.539,85.062,85.198,420940
VNM,2019-07-11,1562803200,85.539,85.539,85.198,85.334,277200
VNM,2019-07-12,1562889600,85.334,85.403,84.516,84.516,370730
VNM,2019-07-15,1563148800,84.448,84.516,83.971,83.971,703320
VNM,2019-07-16,1563235200,84.38,84.653,84.176,84.516,512540
VNM,2019-07-17,1563321600,84.516,85.811,84.448,85.471,965170
VNM,2019-07-18,1563408000,85.198,85.471,84.857,84.925,707720
VNM,2019-07-19,1563494400,84.925,86.629,84.925,86.493,1381230
VNM,2019-07-22,1563753600,86.22,86.22,85.539,85.539,721980
VNM,2019-07-23,1563840000,85.539,85.607,85.062,85.471,764550
VNM,2019-07-24,1563926400,85.88,86.493,85.334,85.607,593800
VNM,2019-07-25,1564012800,85.198,85.539,85.198,85.266,686030
VNM,2019-07-26,1564099200,85.403,85.811,84.857,84.857,526110
VNM,2019-07-29,1564358400,84.585,84.789,83.835,84.176,1095840
VNM,2019-07-30,1564444800,85.198,85.607,84.176,84.176,921500
VNM,2019-07-31,1564531200,84.176,84.516,83.767,83.971,816150
VNM,2019-08-01,1564617600,84.176,84.857,83.971,84.653,502790
VNM,2019-08-02,1564704000,84.176,84.653,84.039,84.516,471510
VNM,2019-08-05,1564963200,84.176,84.789,83.153,83.153,882750
VNM,2019-08-06,1565049600,82.472,82.472,81.245,81.926,938500
VNM,2019-08-07,1565136000,81.926,83.017,81.926,82.472,731780
VNM,2019-08-08,1565222400,82.472,82.881,81.926,82.404,570640
VNM,2019-08-09,1565308800,82.404,82.949,82.335,82.472,726150
VNM,2019-08-12,1565568000,82.472,82.472,82.063,82.199,442330
VNM,2019-08-13,1565654400,81.79,81.926,80.427,80.427,1178780
VNM,2019-08-14,1565740800,81.245,81.722,80.904,80.904,677360
VNM,2019-08-15,1565827200,79.95,83.153,79.95,83.153,673120
VNM,2019-08-16,1565913600,82.472,85.675,82.131,84.585,1074270
VNM,2019-08-19,1566172800,84.857,85.334,84.789,85.13,758210
VNM,2019-08-20,1566259200,85.13,85.13,84.585,84.789,787020
VNM,2019-08-21,1566345600,84.516,84.721,84.176,84.448,580860
VNM,2019-08-22,1566432000,84.448,84.721,84.38,84.516,525610
VNM,2019-08-23,1566518400,84.585,84.653,83.835,83.835,621830
VNM,2019-08-26,1566777600,83.153,83.29,81.926,82.131,839870
VNM,2019-08-27,1566864000,82.812,83.017,81.109,81.109,943130
VNM,2019-08-28,1566950400,81.79,81.858,81.245,81.381,521700
VNM,2019-08-29,1567036800,81.79,83.835,81.654,83.835,561530
VNM,2019-08-30,1567123200,83.835,84.653,83.63,83.835,797090
VNM,2019-09-03,1567468800,83.835,84.721,83.835,84.516,744840
VNM,2019-09-04,1567555200,84.516,84.516,83.562,84.38,405800
VNM,2019-09-05,1567641600,84.653,84.653,83.153,83.153,587180
VNM,2019-09-06,1567728000,83.153,83.903,83.153,83.699,315980
VNM,2019-09-09,1567987200,83.835,84.857,83.494,84.857,498850
VNM,2019-09-10,1568073600,84.721,84.721,84.039,84.312,647890
VNM,2019-09-11,1568160000,84.38,84.516,83.221,83.221,401410
VNM,2019-09-12,1568246400,83.494,84.039,82.744,83.153,600870
VNM,2019-09-13,1568332800,83.29,83.494,82.812,83.221,503530
VNM,2019-09-16,1568592000,84.193,84.193,83.223,84.193,604710
VNM,2019-09-17,1568678400,84.193,85.233,83.639,84.886,482570
VNM,2019-09-18,1568764800,84.54,85.856,84.332,85.718,972940
VNM,2019-09-19,1568851200,85.579,85.856,84.886,85.648,725700
VNM,2019-09-20,1568937600,85.718,85.718,84.609,84.609,1623350
VNM,2019-09-23,1569196800,85.233,86.688,85.025,86.272,1560140
VNM,2019-09-24,1569283200,86.272,88.42,86.134,87.935,1340450
VNM,2019-09-25,1569369600,83.496,83.893,82.967,83.562,617630
VNM,2019-09-26,1569456000,84.025,86.008,83.628,85.942,1613560
VNM,2019-09-27,1569542400,85.942,86.669,85.546,86.008,1183530
VNM,2019-09-30,1569801600,86.008,86.405,85.546,85.744,885490
VNM,2019-10-01,1569888000,85.612,85.744,84.422,84.62,1207380
VNM,2019-10-02,1569974400,84.289,84.488,83.43,83.959,2070220
VNM,2019-10-03,1570060800,83.298,85.281,82.967,85.281,825310
VNM,2019-10-04,1570147200,85.347,86.537,84.951,85.017,641540
VNM,2019-10-07,1570406400,84.884,85.942,84.752,85.347,833680
VNM,2019-10-08,1570492800,85.017,85.479,85.017,85.281,537440
VNM,2019-10-09,1570579200,85.149,85.149,83.827,83.959,663150
VNM,2019-10-10,1570665600,83.761,84.951,83.761,83.959,442150
VNM,2019-10-11,1570752000,83.959,84.62,83.893,84.62,631310
VNM,2019-10-14,1571011200,85.281,85.281,84.554,85.017,586040
VNM,2019-10-15,1571097600,84.951,85.612,84.422,84.818,1165130
VNM,2019-10-16,1571184000,84.818,86.537,84.818,86.207,1321580
VNM,2019-10-17,1571270400,86.207,87.529,86.074,86.603,1409580
VNM,2019-10-18,1571356800,86.934,87.925,86.934,87.595,1116920
VNM,2019-10-21,1571616000,87.595,89.578,87.198,88.322,2006630
VNM,2019-10-22,1571702400,88.587,88.851,87.463,87.595,1398920
VNM,2019-10-23,1571788800,87.595,87.727,86.736,87.463,847820
VNM,2019-10-24,1571875200,87.397,88.19,87.397,87.661,520890
VNM,2019-10-25,1571961600,87.661,88.917,87.595,88.917,816560
VNM,2019-10-28,1572220800,88.917,89.512,88.322,88.454,558360
VNM,2019-10-29,1572307200,88.388,89.182,88.322,88.653,520280
VNM,2019-10-30,1572393600,88.851,89.115,86.603,87.264,1301690
VNM,2019-10-31,1572480000,87.264,87.264,85.149,85.942,2550480
VNM,2019-11-01,1572566400,86.074,87.925,86.074,87.529,969370
VNM,2019-11-04,1572825600,87.925,87.925,86.339,86.802,1407970
VNM,2019-11-05,1572912000,86.802,86.802,85.413,85.413,1876790
VNM,2019-11-06,1572998400,85.281,86.273,84.951,86.008,1184100
VNM,2019-11-07,1573084800,85.612,85.81,85.083,85.347,866170
VNM,2019-11-08,1573171200,85.347,86.141,85.215,85.413,1193130
VNM,2019-11-11,1573430400,85.413,86.074,85.281,85.479,645500
VNM,2019-11-12,1573516800,85.479,85.479,84.157,84.289,1934480
VNM,2019-11-13,1573603200,84.289,84.289,82.901,82.967,1956940
VNM,2019-11-14,1573689600,83.298,83.562,83.033,83.232,695470
VNM,2019-11-15,1573776000,83.298,83.298,79.331,81.315,2384360
VNM,2019-11-18,1574035200,81.315,81.579,79.596,79.86,1671470
VNM,2019-11-19,1574121600,79.596,82.24,79.596,82.24,1078610
VNM,2019-11-20,1574208000,82.306,82.504,81.513,81.976,1150700
VNM,2019-11-21,1574294400,81.645,81.843,80.455,80.653,1395000
VNM,2019-11-22,1574380800,80.323,81.447,80.191,80.323,719680
VNM,2019-11-25,1574640000,80.786,81.513,79.728,81.248,680740
VNM,2019-11-26,1574726400,81.248,81.976,81.116,81.315,971390
VNM,2019-11-27,1574812800,81.777,81.777,80.72,80.72,366920
VNM,2019-11-28,1574899200,80.72,80.852,79.596,80.72,1107720
VNM,2019-11-29,1574985600,80.653,80.918,80.125,80.323,549840
VNM,2019-12-02,1575244800,80.323,80.323,78.207,78.207,1489150
VNM,2019-12-03,1575331200,77.877,77.877,76.753,76.951,1422610
VNM,2019-12-04,1575417600,76.951,78.538,76.951,78.538,693700
VNM,2019-12-05,1575504000,79.133,79.133,77.877,77.877,694150
VNM,2019-12-06,1575590400,77.943,77.943,76.885,76.885,937120
VNM,2019-12-09,1575849600,76.885,78.141,76.885,78.075,766050
VNM,2019-12-10,1575936000,78.075,78.472,77.678,78.141,850090
VNM,2019-12-11,1576022400,77.811,78.406,77.546,78.406,793940
VNM,2019-12-12,1576108800,78.67,79.001,78.604,78.802,701380
VNM,2019-12-13,1576195200,78.868,79.265,78.009,78.009,564680
VNM,2019-12-16,1576454400,78.34,78.538,77.811,78.472,751280
VNM,2019-12-17,1576540800,78.538,78.538,77.414,77.414,829630
VNM,2019-12-18,1576627200,77.612,78.67,77.546,78.406,1400340
VNM,2019-12-19,1576713600,78.406,79.331,78.406,79.133,1582510
VNM,2019-12-20,1576800000,79.331,79.53,79.001,79.331,1822570
VNM,2019-12-23,1577059200,79.331,79.331,78.009,78.009,786100
VNM,2019-12-24,1577145600,78.009,78.538,78.009,78.406,577000
VNM,2019-12-25,1577232000,78.384,78.384,77.204,77.401,541190
VNM,2019-12-26,1577318400,77.932,78.064,77.403,77.403,345150
VNM,2019-12-27,1577404800,77.403,78.395,76.741,78.196,383460
VNM,2019-12-30,1577664000,77.932,78.064,77.072,77.072,672140
VNM,2019-12-31,1577750400,78.726,78.726,77.006,77.072,387640
VNM,2020-01-02,1577923200,77.403,78.196,77.072,77.998,352700
VNM,2020-01-03,1578009600,78.196,78.726,78.196,78.263,625390
VNM,2020-01-06,1578268800,78.196,78.196,77.27,77.667,495910
VNM,2020-01-07,1578355200,77.733,78.593,77.733,78.395,459520
VNM,2020-01-08,1578441600,78.395,78.593,77.733,78.593,837710
VNM,2020-01-09,1578528000,78.726,79.056,78.329,78.461,624130
VNM,2020-01-10,1578614400,78.461,78.858,78.329,78.66,596280
VNM,2020-01-13,1578873600,78.726,78.726,77.667,77.667,412880
VNM,2020-01-14,1578960000,77.667,78.13,77.469,77.932,335180
VNM,2020-01-15,1579046400,77.932,77.998,77.535,77.932,681740
VNM,2020-01-16,1579132800,77.932,78.395,77.535,78.196,545090
VNM,2020-01-17,1579219200,78.196,78.461,77.932,78.461,375030
VNM,2020-01-20,1579478400,78.726,78.858,78.329,78.726,493600
VNM,2020-01-21,1579564800,78.726,80.644,78.461,80.049,853940
VNM,2020-01-22,1579651200,80.644,80.644,80.049,80.247,794440
VNM,2020-01-30,1580342400,78.726,79.255,76.873,77.138,1533720
VNM,2020-01-31,1580428800,77.006,77.138,71.779,71.779,1915820
VNM,2020-02-03,1580688000,67.148,73.102,66.818,71.647,2289150
VNM,2020-02-04,1580774400,72.705,72.772,68.868,69.464,1869040
VNM,2020-02-05,1580860800,70.39,71.25,68.339,70.522,1545750
VNM,2020-02-06,1580947200,70.125,71.845,70.059,71.118,2137020
VNM,2020-02-07,1581033600,71.25,73.102,71.184,72.904,1523380
VNM,2020-02-10,1581292800,72.11,72.375,70.985,72.11,910510
VNM,2020-02-11,1581379200,72.11,72.11,70.787,70.919,885960
VNM,2020-02-12,1581465600,71.448,71.448,70.919,70.919,838170
VNM,2020-02-13,1581552000,70.919,71.118,70.522,70.721,713560
VNM,2020-02-14,1581638400,70.919,71.052,70.522,70.522,708080
VNM,2020-02-17,1581897600,70.655,71.184,70.655,71.118,623350
VNM,2020-02-18,1581984000,71.316,71.316,69.662,69.795,1078500
VNM,2020-02-19,1582070400,69.464,70.588,69.464,70.39,747510
VNM,2020-02-20,1582156800,70.787,71.118,70.324,70.39,624620
VNM,2020-02-21,1582243200,71.118,72.375,71.118,71.779,1484500
VNM,2020-02-24,1582502400,70.787,71.316,70.125,70.39,954600
VNM,2020-02-25,1582588800,70.324,71.779,70.125,71.448,1200220
VNM,2020-02-26,1582675200,70.588,70.588,69.464,69.464,1346630
VNM,2020-02-27,1582761600,69.464,71.052,68.67,71.052,863890
VNM,2020-02-28,1582848000,69.662,70.191,68.141,69.133,1437350
VNM,2020-03-02,1583107200,69.133,69.795,68.67,69.133,909240
VNM,2020-03-03,1583193600,69.795,70.258,69.199,69.662,741380
VNM,2020-03-04,1583280000,69.662,70.125,69.133,69.331,612800
VNM,2020-03-05,1583366400,69.464,70.059,69.133,69.133,438020
VNM,2020-03-06,1583452800,69.133,69.331,68.538,68.935,664920
VNM,2020-03-09,1583712000,66.156,67.81,64.171,64.171,2356790
VNM,2020-03-10,1583798400,63.51,67.347,63.51,67.281,1761300
VNM,2020-03-11,1583884800,67.479,69.464,65.627,67.214,2292410
VNM,2020-03-12,1583971200,64.304,67.148,64.171,66.751,2431600
VNM,2020-03-13,1584057600,62.98,66.553,62.98,65.561,2159130
VNM,2020-03-16,1584316800,65.561,65.627,63.84,64.171,1087080
VNM,2020-03-17,1584403200,63.51,63.774,62.848,63.51,1788240
VNM,2020-03-18,1584489600,63.642,64.701,62.848,62.848,1322150
VNM,2020-03-19,1584576000,61.525,62.187,58.879,58.879,2774560
VNM,2020-03-20,1584662400,58.879,60.4,58.879,59.54,2316660
VNM,2020-03-23,1584921600,58.945,58.945,55.372,55.372,2187710
VNM,2020-03-24,1585008000,55.372,58.416,55.372,56.96,1739530
VNM,2020-03-25,1585094400,59.937,60.93,59.606,60.863,2993020
VNM,2020-03-26,1585180800,61.062,62.848,58.746,62.187,2556450
VNM,2020-03-27,1585267200,62.187,63.047,60.863,62.253,2755950
VNM,2020-03-30,1585526400,59.54,61.194,58.879,60.334,1559900
VNM,2020-03-31,1585612800,61.062,61.79,59.54,60.202,1293290
VNM,2020-04-01,1585699200,60.202,62.187,60.202,62.187,1155730
VNM,2020-04-03,1585872000,62.517,63.179,62.187,62.848,1934430
VNM,2020-04-06,1586131200,63.84,63.907,62.848,63.642,1840550
VNM,2020-04-07,1586217600,63.84,65.494,63.377,65.164,2273090
VNM,2020-04-08,1586304000,64.833,65.494,63.84,65.494,904920
VNM,2020-04-09,1586390400,66.09,66.751,65.627,66.222,1220550
VNM,2020-04-10,1586476800,66.156,66.156,64.899,65.891,1111470
VNM,2020-04-13,1586736000,65.891,66.024,65.031,65.561,1127670
VNM,2020-04-14,1586822400,65.825,65.957,65.296,65.494,1059560
VNM,2020-04-15,1586908800,65.957,65.957,65.627,65.627,886130
VNM,2020-04-16,1586995200,65.693,65.825,65.428,65.693,1155660
VNM,2020-04-17,1587081600,66.156,66.222,65.494,65.693,1767310
VNM,2020-04-20,1587340800,66.156,66.95,66.156,66.156,1471680
VNM,2020-04-21,1587427200,66.156,66.156,63.377,64.039,2129360
VNM,2020-04-22,1587513600,63.576,64.568,63.377,64.502,1085950
VNM,2020-04-23,1587600000,65.23,65.23,63.444,63.576,1443180
VNM,2020-04-24,1587686400,65.693,68.008,64.502,68.008,3624460
VNM,2020-04-27,1587945600,70.456,70.456,68.008,68.008,1950560
VNM,2020-04-28,1588032000,68.008,68.141,65.957,66.487,1401520
VNM,2020-04-29,1588118400,65.825,66.09,65.494,65.494,1769090
VNM,2020-05-04,1588550400,64.171,65.494,64.171,64.568,1235970
VNM,2020-05-05,1588636800,65.362,66.751,64.833,66.487,1163800
VNM,2020-05-06,1588723200,66.619,67.148,65.957,67.148,1105020
VNM,2020-05-07,1588809600,67.214,68.67,67.148,68.405,1583260
VNM,2020-05-08,1588896000,69.133,71.184,68.802,69.464,3184170
VNM,2020-05-11,1589155200,69.464,71.779,69.265,71.779,1792200
VNM,2020-05-12,1589241600,71.779,75.682,71.052,75.352,2944650
VNM,2020-05-13,1589328000,74.889,76.079,72.772,75.219,2507730
VNM,2020-05-14,1589414400,74.492,75.352,74.426,74.756,1397750
VNM,2020-05-15,1589500800,74.756,75.087,72.375,73.301,2320230
VNM,2020-05-18,1589760000,73.301,73.962,72.11,73.499,898370
VNM,2020-05-19,1589846400,75.286,75.682,74.293,74.492,1432400
VNM,2020-05-20,1589932800,74.426,75.682,74.426,75.418,1199680
VNM,2020-05-21,1590019200,75.418,76.079,75.087,76.079,1582090
VNM,2020-05-22,1590105600,75.682,75.947,75.087,75.682,1083060
VNM,2020-05-25,1590364800,75.749,77.799,75.484,77.799,1581860
VNM,2020-05-26,1590451200,78.064,78.064,76.212,77.799,983170
VNM,2020-05-27,1590537600,77.866,77.932,76.079,76.079,1108350
VNM,2020-05-28,1590624000,76.079,76.741,75.947,75.947,1004500
VNM,2020-05-29,1590710400,75.087,76.212,75.087,76.079,1203680
VNM,2020-06-01,1590969600,76.146,77.403,76.146,76.807,1047020
VNM,2020-06-02,1591056000,76.807,77.403,76.543,76.741,891910
VNM,2020-06-03,1591142400,76.873,78.13,76.476,77.138,1322080
VNM,2020-06-04,1591228800,77.403,77.998,77.403,77.932,735420
VNM,2020-06-05,1591315200,77.932,78.858,77.204,78.858,1076470
VNM,2020-06-08,1591574400,78.858,81.637,78.792,81.24,1419750
VNM,2020-06-09,1591660800,81.438,83.357,81.438,82.695,1704320
VNM,2020-06-10,1591747200,83.357,83.357,81.24,81.372,1242180
VNM,2020-06-11,1591833600,81.372,82.695,80.049,80.909,1098260
VNM,2020-06-12,1591920000,78.064,79.255,75.815,78.064,2394330
VNM,2020-06-15,1592179200,79.387,79.983,74.095,74.095,2058870
VNM,2020-06-16,1592265600,75.815,77.733,75.418,77.403,844740
VNM,2020-06-17,1592352000,77.403,77.535,76.344,76.476,513570
VNM,2020-06-18,1592438400,76.476,77.138,75.484,76.212,523160
VNM,2020-06-19,1592524800,76.212,77.072,76.079,76.079,1251600
VNM,2020-06-22,1592784000,76.344,76.675,75.947,76.344,867620
VNM,2020-06-23,1592870400,76.741,77.006,76.476,76.741,1063470
VNM,2020-06-24,1592956800,77.006,78.329,77.006,77.469,750960
VNM,2020-06-25,1593043200,77.072,77.072,76.278,77.006,572770
VNM,2020-06-26,1593129600,77.138,77.469,76.344,76.675,495750
VNM,2020-06-29,1593388800,76.403,76.605,73.79,74.996,1519040
VNM,2020-06-30,1593475200,75.733,76.068,74.996,75.532,797960
VNM,2020-07-01,1593561600,75.532,77.074,75.063,76.873,450020
VNM,2020-07-02,1593648000,76.94,77.007,75.733,75.733,720480
VNM,2020-07-03,1593734400,75.733,76.538,75.599,76.47,729290
VNM,2020-07-06,1593993600,76.739,78.146,76.605,78.079,1319980
VNM,2020-07-07,1594080000,78.079,78.481,77.744,77.744,1024960
VNM,2020-07-08,1594166400,77.744,77.744,77.409,77.409,551310
VNM,2020-07-09,1594252800,77.409,78.213,77.409,77.677,1560410
VNM,2020-07-10,1594339200,77.744,78.012,77.275,77.275,677180
VNM,2020-07-13,1594598400,77.275,77.61,76.605,76.94,943850
VNM,2020-07-14,1594684800,76.538,77.208,76.336,77.208,731170
VNM,2020-07-15,1594771200,77.744,78.414,77.744,77.744,1015000
VNM,2020-07-16,1594857600,78.213,78.749,77.878,78.749,1112460
VNM,2020-07-17,1594944000,78.213,78.682,78.079,78.28,583510
VNM,2020-07-20,1595203200,77.744,78.213,77.409,77.543,474700
VNM,2020-07-21,1595289600,77.543,77.945,76.806,77.744,1618780
VNM,2020-07-22,1595376000,77.342,77.744,76.47,76.47,1051320
VNM,2020-07-23,1595462400,76.538,76.806,76.068,76.538,766500
VNM,2020-07-24,1595548800,76.538,76.538,73.052,74.46,2313270
VNM,2020-07-27,1595808000,71.779,72.114,69.299,69.299,2553780
VNM,2020-07-28,1595894400,69.701,73.656,69.701,73.656,1390810
VNM,2020-07-29,1595980800,72.717,72.985,70.707,71.042,1497450
VNM,2020-07-30,1596067200,72.382,73.388,71.578,73.052,1028620
VNM,2020-07-31,1596153600,71.712,73.186,71.377,71.712,839830
VNM,2020-08-03,1596412800,72.382,73.723,72.181,73.186,860190
VNM,2020-08-04,1596499200,74.393,74.594,73.656,74.594,765170
VNM,2020-08-05,1596585600,74.728,76.135,73.723,75.13,888080
VNM,2020-08-06,1596672000,75.264,77.744,75.13,76.94,1360570
VNM,2020-08-07,1596758400,77.074,77.744,76.94,77.409,1148200
VNM,2020-08-10,1597017600,77.744,78.079,76.739,76.739,1412680
VNM,2020-08-11,1597104000,77.007,77.074,76.403,76.739,852250
VNM,2020-08-12,1597190400,76.739,77.677,76.739,77.476,1451960
VNM,2020-08-13,1597276800,78.012,78.146,77.677,78.012,1238980
VNM,2020-08-14,1597363200,78.146,79.084,77.878,78.213,1623690
VNM,2020-08-17,1597622400,78.414,79.017,77.275,78.414,906890
VNM,2020-08-18,1597708800,78.414,78.682,77.476,77.476,604570
VNM,2020-08-19,1597795200,77.744,77.744,77.007,77.275,981840
VNM,2020-08-20,1597881600,77.275,77.61,76.806,77.208,1254280
VNM,2020-08-21,1597968000,77.409,77.744,77.141,77.476,884990
VNM,2020-08-24,1598227200,78.079,78.816,77.744,78.079,1526860
VNM,2020-08-25,1598313600,78.414,79.017,78.28,78.615,1693030
VNM,2020-08-26,1598400000,79.084,79.218,78.347,78.481,1922780
VNM,2020-08-27,1598486400,78.749,79.017,78.414,78.548,799570
VNM,2020-08-28,1598572800,78.95,80.425,78.548,79.956,1341270
VNM,2020-08-31,1598832000,80.626,81.095,80.09,81.095,1634090
VNM,2020-09-01,1598918400,81.095,82.569,80.559,82.569,1448060
VNM,2020-09-03,1599091200,82.77,83.642,82.77,83.575,2016680
VNM,2020-09-04,1599177600,82.904,83.776,82.502,83.776,1711980
VNM,2020-09-07,1599436800,83.776,86.054,83.709,84.446,2178380
VNM,2020-09-08,1599523200,84.379,85.384,83.039,83.24,1809570
VNM,2020-09-09,1599609600,82.1,83.039,81.43,82.972,1621920
VNM,2020-09-10,1599696000,83.776,84.044,83.374,83.575,848330
VNM,2020-09-11,1599782400,83.24,83.575,82.77,82.972,956670
VNM,2020-09-14,1600041600,83.374,83.776,83.106,83.24,1194170
VNM,2020-09-15,1600128000,83.24,83.709,83.106,83.642,882030
VNM,2020-09-16,1600214400,83.776,83.776,83.039,83.24,724510
VNM,2020-09-17,1600300800,83.106,84.312,83.106,83.441,1376570
VNM,2020-09-18,1600387200,83.508,84.714,83.24,84.714,1224030
VNM,2020-09-21,1600646400,84.781,87.261,84.714,87.194,2614310
VNM,2020-09-22,1600732800,87.194,87.261,86.122,86.859,1244610
VNM,2020-09-23,1600819200,87.06,87.261,86.524,86.591,1042800
VNM,2020-09-24,1600905600,85.92,86.39,85.317,85.317,1506610
VNM,2020-09-25,1600992000,85.652,85.786,85.451,85.585,1011140
VNM,2020-09-28,1601251200,85.786,86.189,85.317,85.987,2169790
VNM,2020-09-29,1601337600,89.873,91.997,88.239,89.219,5191680
VNM,2020-09-30,1601424000,89.873,91.017,88.647,88.974,1432380
VNM,2020-10-01,1601510400,89.056,89.383,88.157,89.301,1702500
VNM,2020-10-02,1601596800,89.464,89.955,87.177,88.239,2864220
VNM,2020-10-05,1601856000,88.239,89.056,87.422,87.667,1427600
VNM,2020-10-06,1601942400,87.667,88.239,87.013,87.422,2044710
VNM,2020-10-07,1602028800,87.258,88.239,87.013,88.239,2153700
VNM,2020-10-08,1602115200,88.157,88.157,87.258,87.34,1325810
VNM,2020-10-09,1602201600,87.422,87.503,87.095,87.177,980970
VNM,2020-10-12,1602460800,87.34,88.075,87.095,87.422,1209250
VNM,2020-10-13,1602547200,87.422,88.239,87.34,87.503,858550
VNM,2020-10-14,1602633600,87.503,87.994,87.258,87.749,1299160
VNM,2020-10-15,1602720000,88.075,88.157,87.422,87.83,1854560
VNM,2020-10-16,1602806400,87.83,88.239,87.34,87.749,1637740
VNM,2020-10-19,1603065600,87.749,88.484,87.749,87.994,1617740
VNM,2020-10-20,1603152000,87.667,87.912,86.605,86.768,2150990
VNM,2020-10-21,1603238400,87.013,87.34,86.605,86.932,805550
VNM,2020-10-22,1603324800,87.258,87.258,85.869,87.177,2422540
VNM,2020-10-23,1603411200,87.83,89.873,87.503,89.873,2946790
VNM,2020-10-26,1603670400,90.69,91.915,89.873,90.281,2313520
VNM,2020-10-27,1603756800,89.873,90.69,89.138,89.546,1721090
VNM,2020-10-28,1603843200,88.892,89.056,87.013,87.749,2609180
VNM,2020-10-29,1603929600,87.013,87.585,86.278,87.34,1723240
VNM,2020-10-30,1604016000,87.422,88.239,86.033,88.239,2683620
VNM,2020-11-02,1604275200,87.422,88.239,87.422,87.912,867340
VNM,2020-11-03,1604361600,87.912,88.239,87.422,87.994,870230
VNM,2020-11-04,1604448000,88.239,89.383,87.749,88.239,1342780
VNM,2020-11-05,1604534400,88.239,89.383,88.239,88.892,1891270
VNM,2020-11-06,1604620800,89.219,89.383,88.239,88.892,1011020
VNM,2020-11-09,1604880000,89.056,89.383,88.647,88.892,1066640
VNM,2020-11-10,1604966400,89.138,89.219,87.83,87.83,2297200
VNM,2020-11-11,1605052800,88.157,88.157,86.605,87.83,2429710
VNM,2020-11-12,1605139200,87.422,87.83,87.177,87.422,1074590
VNM,2020-11-13,1605225600,87.422,87.749,87.422,87.749,1089500
VNM,2020-11-16,1605484800,87.83,88.811,87.422,87.503,2571160
VNM,2020-11-17,1605571200,87.667,87.994,87.422,87.912,1648330
VNM,2020-11-18,1605657600,88.321,89.464,88.075,89.383,3396750
VNM,2020-11-19,1605744000,89.383,89.628,89.056,89.628,3140680
VNM,2020-11-20,1605830400,89.791,91.098,89.138,90.608,2801420
VNM,2020-11-23,1606089600,90.69,90.935,89.709,90.363,2104330
VNM,2020-11-24,1606176000,90.363,90.608,89.056,89.546,1937130
VNM,2020-11-25,1606262400,89.791,90.69,89.138,90.281,2190900
VNM,2020-11-26,1606348800,90.608,90.608,89.301,89.791,1490270
VNM,2020-11-27,1606435200,89.791,89.791,88.811,89.709,2823860
VNM,2020-11-30,1606694400,89.709,89.873,88.239,88.402,2687040
VNM,2020-12-01,1606780800,87.667,89.709,87.585,89.628,2493230
VNM,2020-12-02,1606867200,89.546,89.709,88.811,89.056,1332460
VNM,2020-12-03,1606953600,89.056,89.791,88.892,89.464,1108730
VNM,2020-12-04,1607040000,89.464,89.628,88.892,89.056,1571130
VNM,2020-12-07,1607299200,89.056,90.608,88.892,89.873,1970400
VNM,2020-12-08,1607385600,89.955,90.118,89.056,89.219,1468350
VNM,2020-12-09,1607472000,89.873,89.955,89.301,89.628,1701940
VNM,2020-12-10,1607558400,90.118,93.059,90.118,91.507,6077770
VNM,2020-12-11,1607644800,91.507,92.161,91.344,91.997,2297940
VNM,2020-12-14,1607904000,92.161,92.651,91.834,92.651,2535300
VNM,2020-12-15,1607990400,92.324,92.569,90.526,90.853,4572910
VNM,2020-12-16,1608076800,90.853,91.752,90.445,91.18,2106480
VNM,2020-12-17,1608163200,90.69,90.69,90.118,90.2,2951870
VNM,2020-12-18,1608249600,90.281,90.69,89.873,90.2,3342900
VNM,2020-12-21,1608508800,90.2,91.017,90.036,90.69,2341080
VNM,2020-12-22,1608595200,90.608,90.608,89.709,89.791,2266760
VNM,2020-12-23,1608681600,89.791,91.017,89.791,90.036,2432590
VNM,2020-12-24,1608768000,90.036,90.281,88.239,88.811,2511360
VNM,2020-12-25,1608854400,88.892,89.138,88.321,89.056,1755510
VNM,2020-12-28,1609113600,89.056,89.628,88.484,88.811,2305300
VNM,2020-12-29,1609200000,89.056,89.383,88.729,89.219,1299700
VNM,2020-12-30,1609286400,89.219,90.036,88.729,88.892,1856600
VNM,2020-12-31,1609372800,89.056,89.791,88.892,88.892,993810
VNM,2021-01-04,1609718400,89.628,89.709,89.056,89.301,2299600
VNM,2021-01-05,1609804800,89.709,92.347,89.379,91.358,4013900
VNM,2021-01-06,1609891200,91.523,91.77,90.533,90.533,2823100
VNM,2021-01-07,1609977600,90.698,91.358,90.533,91.028,2453000
VNM,2021-01-08,1610064000,91.935,93.089,91.44,92.347,3323000
VNM,2021-01-11,1610323200,92.76,95.645,92.76,95.563,4603900
VNM,2021-01-12,1610409600,96.058,96.223,95.151,95.893,2344900
VNM,2021-01-13,1610496000,95.893,96.635,94.161,94.409,2521600
VNM,2021-01-14,1610582400,94.326,94.326,92.842,93.254,3680400
VNM,2021-01-15,1610668800,93.584,95.068,93.254,93.914,2125700
VNM,2021-01-18,1610928000,94.079,94.903,93.419,93.419,2624000
VNM,2021-01-19,1611014400,93.419,93.419,88.225,88.802,3668300
VNM,2021-01-20,1611100800,89.709,90.286,87.4,89.874,3363700
VNM,2021-01-21,1611187200,90.616,91.275,89.709,90.946,2531200
VNM,2021-01-22,1611273600,90.863,91.358,89.626,89.626,2429000
VNM,2021-01-25,1611532800,89.791,90.451,89.049,89.214,2554800
VNM,2021-01-26,1611619200,89.132,89.461,86.576,87.977,2596900
VNM,2021-01-27,1611705600,87.4,88.06,84.514,85.174,3153800
VNM,2021-01-28,1611792000,82.453,84.019,79.237,79.237,4565600
VNM,2021-01-29,1611878400,79.155,84.762,79.155,84.762,4140500
VNM,2021-02-01,1612137600,84.926,86.74,84.102,84.679,2934800
VNM,2021-02-02,1612224000,84.349,88.225,84.349,87.73,3350900
VNM,2021-02-03,1612310400,87.73,90.451,87.73,90.451,3056500
VNM,2021-02-04,1612396800,90.451,90.451,88.225,89.709,1896800
VNM,2021-02-05,1612483200,89.544,90.698,89.544,90.368,2231200
VNM,2021-02-08,1612742400,90.286,90.368,85.586,86.823,4331600
VNM,2021-02-09,1612828800,86.823,89.791,86.493,89.049,1931700
VNM,2021-02-17,1613520000,89.049,89.791,88.472,89.626,2872300
VNM,2021-02-18,1613606400,89.626,89.874,88.637,89.874,2847400
VNM,2021-02-19,1613692800,88.884,89.297,88.307,89.049,2696500
VNM,2021-02-22,1613952000,88.554,88.884,88.472,88.637,3006200
VNM,2021-02-23,1614038400,88.637,89.049,87.565,88.225,3048400
VNM,2021-02-24,1614124800,88.307,88.967,86.988,87.235,2801000
VNM,2021-02-25,1614211200,87.318,87.647,85.916,86.246,4282900
VNM,2021-02-26,1614297600,85.421,86.493,85.256,86.411,3357800
VNM,2021-03-01,1614556800,86.988,87.318,86.576,87.07,2179000
VNM,2021-03-02,1614643200,87.565,87.812,85.751,86.493,3050100
VNM,2021-03-03,1614729600,86.411,86.493,85.751,86.163,2551300
VNM,2021-03-04,1614816000,86.74,86.988,84.926,85.256,2755100
VNM,2021-03-05,1614902400,85.009,85.009,83.855,84.926,4187600
VNM,2021-03-08,1615161600,85.339,85.421,83.855,84.267,3208200
VNM,2021-03-09,1615248000,83.36,83.69,82.618,82.865,4141900
VNM,2021-03-10,1615334400,82.865,84.514,82.288,83.36,3391300
VNM,2021-03-11,1615420800,84.514,85.586,84.184,84.762,2417000
VNM,2021-03-12,1615507200,84.926,85.174,83.855,84.267,2704600
VNM,2021-03-15,1615766400,84.762,84.926,84.184,84.267,2379400
VNM,2021-03-16,1615852800,84.267,84.349,82.535,83.277,4121100
VNM,2021-03-17,1615939200,83.277,83.277,82.535,82.865,3568400
VNM,2021-03-18,1616025600,83.277,84.514,83.277,84.514,2553400
VNM,2021-03-19,1616112000,84.267,84.267,83.607,83.855,2339400
VNM,2021-03-22,1616371200,83.855,83.937,82.948,83.113,3416300
VNM,2021-03-23,1616457600,82.948,83.03,82.206,82.618,4554300
VNM,2021-03-24,1616544000,82.123,82.453,81.216,81.381,3192200
VNM,2021-03-25,1616630400,81.711,82.206,81.051,81.216,3152700
VNM,2021-03-26,1616716800,80.804,81.216,79.649,80.309,3653700
VNM,2021-03-29,1616976000,80.804,82.37,80.639,81.628,2790300
VNM,2021-03-30,1617062400,82.123,82.535,81.299,81.793,2590400
VNM,2021-03-31,1617148800,81.711,81.711,80.804,81.134,2815600
VNM,2021-04-01,1617235200,81.216,83.277,80.804,83.277,5594000
VNM,2021-04-02,1617321600,84.514,85.751,84.184,84.679,3840000
VNM,2021-04-05,1617580800,86.163,86.163,84.267,84.597,2822700
VNM,2021-04-06,1617667200,84.597,84.679,83.113,83.69,3452600
VNM,2021-04-07,1617753600,83.277,83.277,82.453,82.535,3503700
VNM,2021-04-08,1617840000,82.783,82.865,81.958,82.37,3603800
VNM,2021-04-09,1617926400,82.453,82.453,81.793,82.288,2716700
VNM,2021-04-12,1618185600,82.453,82.7,82.041,82.453,3632400
VNM,2021-04-13,1618272000,83.113,83.855,82.206,82.453,3799100
VNM,2021-04-14,1618358400,82.37,82.453,81.546,81.876,3498500
VNM,2021-04-15,1618444800,82.123,82.865,81.546,81.711,3549400
VNM,2021-04-16,1618531200,81.381,81.381,79.485,79.897,4876400
VNM,2021-04-19,1618790400,79.897,80.392,78.413,79.237,5722900
VNM,2021-04-20,1618876800,79.979,83.277,79.897,81.876,6987200
VNM,2021-04-22,1619049600,81.876,82.041,79.979,80.804,3166300
VNM,2021-04-23,1619136000,80.804,82.37,79.814,82.041,3556800
VNM,2021-04-26,1619395200,79.979,81.628,79.155,79.155,5045600
VNM,2021-04-27,1619481600,79.155,79.567,78.33,78.907,3149400
VNM,2021-04-28,1619568000,78.907,78.99,77.093,77.258,5027100
VNM,2021-04-29,1619654400,77.258,77.671,75.444,77.093,6499700
VNM,2021-05-04,1620086400,76.599,76.681,75.444,75.527,4112800
VNM,2021-05-05,1620172800,75.692,76.681,75.527,75.857,3792300
VNM,2021-05-06,1620259200,75.857,75.857,73.878,73.878,7448600
VNM,2021-05-07,1620345600,73.383,73.548,71.569,71.734,6744500
VNM,2021-05-10,1620604800,71.734,76.681,70.992,76.681,8176900
VNM,2021-05-11,1620691200,77.093,77.918,75.197,75.197,4197000
VNM,2021-05-12,1620777600,74.372,76.022,74.208,75.692,3199300
VNM,2021-05-13,1620864000,75.115,75.609,74.62,74.62,3118400
VNM,2021-05-14,1620950400,75.197,75.197,73.795,73.795,4391200
VNM,2021-05-17,1621209600,73.795,74.208,71.899,71.899,5001300
VNM,2021-05-18,1621296000,72.146,72.558,71.569,71.734,2970100
VNM,2021-05-19,1621382400,72.311,73.383,71.816,72.146,3526100
VNM,2021-05-20,1621468800,72.394,72.641,71.734,72.558,2800500
VNM,2021-05-21,1621555200,72.476,74.867,71.816,73.548,3942800
VNM,2021-05-24,1621814400,74.208,75.774,73.795,75.197,4349800
VNM,2021-05-25,1621900800,75.197,75.197,74.208,74.62,2791200
VNM,2021-05-26,1621987200,74.208,75.774,73.63,75.032,3773300
VNM,2021-05-27,1622073600,75.362,75.527,74.208,74.62,2924300
VNM,2021-05-28,1622160000,75.032,75.609,74.537,75.115,3122200
VNM,2021-05-31,1622419200,75.609,75.857,74.372,74.62,3095900
VNM,2021-06-01,1622505600,74.62,74.785,74.125,74.125,2339900
VNM,2021-06-02,1622592000,73.878,73.878,73.383,73.713,3672400
VNM,2021-06-03,1622678400,74.208,74.867,74.043,74.372,3629000
VNM,2021-06-04,1622764800,74.455,75.032,73.465,73.795,4564400
VNM,2021-06-07,1623024000,74.714,74.798,73.462,74.631,3736600
VNM,2021-06-08,1623110400,74.631,76.217,74.631,74.881,5477700
VNM,2021-06-09,1623196800,74.965,75.215,74.13,74.38,3013500
VNM,2021-06-10,1623283200,74.631,78.137,73.963,76.968,5619300
VNM,2021-06-11,1623369600,76.968,77.219,76.133,76.801,2940400
VNM,2021-06-14,1623628800,77.219,78.053,76.384,77.219,4875100
VNM,2021-06-15,1623715200,77.302,77.803,76.885,77.553,4534800
VNM,2021-06-16,1623801600,77.469,77.636,76.217,76.634,3041200
VNM,2021-06-17,1623888000,75.966,76.968,75.8,75.966,2388800
VNM,2021-06-18,1623974400,76.3,77.386,76.3,76.885,2971800
VNM,2021-06-21,1624233600,76.801,76.885,75.633,75.633,4193600
VNM,2021-06-22,1624320000,75.966,76.384,75.633,75.633,2242800
VNM,2021-06-23,1624406400,75.633,75.8,74.881,75.132,3357300
VNM,2021-06-24,1624492800,75.048,75.299,73.713,74.046,4225000
VNM,2021-06-25,1624579200,74.13,75.048,74.046,74.881,2079300
VNM,2021-06-28,1624838400,75.132,75.299,74.297,74.464,1847900
VNM,2021-06-29,1624924800,74.965,76.551,74.297,75.966,4368100
VNM,2021-06-30,1625011200,75.966,76.05,75.299,75.466,2115600
VNM,2021-07-01,1625097600,75.633,76.217,75.466,75.883,3811500
VNM,2021-07-02,1625184000,75.966,75.966,75.215,75.215,2750900
VNM,2021-07-05,1625443200,75.215,75.466,73.963,74.464,2931000
VNM,2021-07-06,1625529600,74.631,74.965,72.627,72.627,4706900
VNM,2021-07-07,1625616000,72.627,74.965,72.293,74.965,4738700
VNM,2021-07-08,1625702400,73.629,74.631,73.462,73.796,1908900
VNM,2021-07-09,1625788800,73.713,73.796,72.544,72.627,3058100
VNM,2021-07-12,1626048000,73.045,73.462,70.373,72.043,4833100
VNM,2021-07-13,1626134400,71.876,72.21,70.29,70.373,2883300
VNM,2021-07-14,1626220800,70.958,71.542,70.373,70.958,4180200
VNM,2021-07-15,1626307200,70.958,72.043,70.54,71.125,3284100
VNM,2021-07-16,1626393600,71.375,71.959,71.208,71.709,1449600
VNM,2021-07-19,1626652800,70.457,70.958,70.123,70.958,4111700
VNM,2021-07-20,1626739200,70.958,71.792,70.373,71.709,3207300
VNM,2021-07-21,1626825600,71.292,71.709,71.125,71.208,1696200
VNM,2021-07-22,1626912000,71.375,72.711,71.208,72.46,2152400
VNM,2021-07-23,1626998400,72.46,74.965,71.876,73.128,4126700
VNM,2021-07-26,1627257600,73.462,74.464,73.379,74.213,2791500
VNM,2021-07-27,1627344000,74.213,74.714,73.045,73.045,2388200
VNM,2021-07-28,1627430400,72.711,72.961,72.293,72.544,1665500
VNM,2021-07-29,1627516800,72.627,73.212,71.792,72.46,2648300
VNM,2021-07-30,1627603200,72.46,72.794,71.709,71.876,4405200
VNM,2021-08-02,1627862400,71.959,72.544,71.792,72.21,2574300
VNM,2021-08-03,1627948800,72.293,73.045,72.293,72.711,2714600
VNM,2021-08-04,1628035200,73.045,73.045,72.627,72.711,2873000
VNM,2021-08-05,1628121600,72.544,72.711,72.293,72.293,2833600
VNM,2021-08-06,1628208000,72.544,73.796,72.293,72.794,3960600
VNM,2021-08-09,1628467200,72.794,73.379,72.627,73.212,2731300
VNM,2021-08-10,1628553600,73.462,75.132,73.462,74.631,5965600
VNM,2021-08-11,1628640000,75.048,76.3,74.965,75.883,5330400
VNM,2021-08-12,1628726400,75.8,76.384,75.382,75.549,4287800
VNM,2021-08-13,1628812800,75.466,75.549,74.464,75.048,4105500
VNM,2021-08-16,1629072000,75.048,75.633,74.297,74.714,3270800
VNM,2021-08-17,1629158400,74.798,75.215,74.38,74.547,2202200
VNM,2021-08-18,1629244800,74.714,75.883,74.631,75.132,4710100
VNM,2021-08-19,1629331200,75.549,75.549,74.965,75.382,3061300
VNM,2021-08-20,1629417600,75.382,75.382,72.627,73.295,4326800
VNM,2021-08-23,1629676800,73.212,73.295,71.792,71.792,4356500
VNM,2021-08-24,1629763200,71.876,72.627,71.542,72.043,2375700
VNM,2021-08-25,1629849600,72.126,72.711,71.792,72.544,1675500
VNM,2021-08-26,1629936000,72.544,73.212,72.377,72.627,1896000
VNM,2021-08-27,1630022400,72.961,73.045,72.377,72.627,2346900
VNM,2021-08-30,1630281600,72.711,73.128,72.627,72.961,4306000
VNM,2021-08-31,1630368000,73.045,73.128,72.711,72.961,2957200
VNM,2021-09-01,1630454400,72.961,74.13,72.794,73.546,3430100
VNM,2021-09-06,1630886400,73.713,74.13,73.629,73.713,3212200
VNM,2021-09-07,1630972800,74.563,74.563,73.289,73.289,2622200
VNM,2021-09-08,1631059200,73.289,73.289,72.44,72.525,3682200
VNM,2021-09-09,1631145600,72.525,72.609,72.185,72.355,2452400
VNM,2021-09-10,1631232000,72.355,73.883,72.185,73.459,3962100
VNM,2021-09-13,1631491200,73.459,74.223,73.289,74.053,2956200
VNM,2021-09-14,1631577600,74.053,74.138,73.544,73.883,2482900
VNM,2021-09-15,1631664000,73.713,73.713,73.119,73.119,2425000
VNM,2021-09-16,1631750400,73.459,73.459,72.949,73.374,1825400
VNM,2021-09-17,1631836800,73.374,75.072,73.289,73.459,5292600
VNM,2021-09-20,1632096000,74.393,75.667,74.138,75.327,5447700
VNM,2021-09-21,1632182400,74.733,75.497,74.478,75.412,3096300
VNM,2021-09-22,1632268800,75.157,77.875,75.157,77.705,10050100
VNM,2021-09-23,1632355200,77.705,78.469,76.771,77.11,3941300
VNM,2021-09-24,1632441600,77.28,77.62,76.856,77.025,2990000
VNM,2021-09-27,1632700800,76.941,77.62,75.412,75.412,5053900
VNM,2021-09-28,1632787200,75.412,76.346,74.733,75.837,3757200
VNM,2021-09-29,1632873600,75.837,76.516,75.327,76.091,2763400
VNM,2021-09-30,1632960000,76.346,77.025,76.091,76.091,2799400
VNM,2021-10-01,1633046400,75.837,76.771,75.667,76.261,3805400
VNM,2021-10-04,1633305600,76.856,77.365,76.516,76.601,3060200
VNM,2021-10-05,1633392000,76.686,76.686,76.091,76.091,2268000
VNM,2021-10-06,1633478400,76.091,76.516,75.752,75.837,2498500
VNM,2021-10-07,1633564800,75.837,75.921,75.412,75.412,2981800
VNM,2021-10-08,1633651200,75.497,76.431,75.327,76.091,2618600
VNM,2021-10-11,1633910400,76.431,76.771,76.006,76.431,2474800
VNM,2021-10-12,1633996800,76.771,77.535,76.516,76.771,3616300
VNM,2021-10-13,1634083200,77.28,77.535,76.431,76.516,3793100
VNM,2021-10-14,1634169600,76.601,76.856,76.091,76.431,2006400
VNM,2021-10-15,1634256000,76.431,77.025,76.091,76.431,3206000
VNM,2021-10-18,1634515200,76.431,76.516,75.752,76.261,2305800
VNM,2021-10-19,1634601600,76.261,76.856,76.261,76.686,5984500
VNM,2021-10-20,1634688000,76.771,76.941,75.582,76.431,3480500
VNM,2021-10-21,1634774400,76.431,76.516,75.667,75.667,2936500
VNM,2021-10-22,1634860800,76.006,76.856,75.752,76.856,4487700
VNM,2021-10-25,1635120000,76.856,76.941,76.346,76.516,2769500
VNM,2021-10-26,1635206400,76.431,76.601,75.921,76.091,1641200
VNM,2021-10-27,1635292800,76.431,76.941,76.176,76.771,3549900
VNM,2021-10-28,1635379200,76.856,77.705,76.856,76.941,4093700
VNM,2021-10-29,1635465600,76.941,77.28,76.686,77.025,3748500
VNM,2021-11-01,1635724800,77.11,77.535,76.261,76.431,5083800
VNM,2021-11-02,1635811200,76.431,76.431,75.582,75.752,4888900
VNM,2021-11-03,1635897600,75.667,76.006,74.902,74.902,5547900
VNM,2021-11-04,1635984000,75.072,75.327,74.817,75.072,2513000
VNM,2021-11-05,1636070400,75.242,75.921,75.157,75.752,2654600
VNM,2021-11-08,1636329600,76.176,77.365,76.091,77.11,6171800
VNM,2021-11-09,1636416000,77.28,77.365,76.176,76.261,3695000
VNM,2021-11-10,1636502400,76.431,76.516,75.837,76.176,2666100
VNM,2021-11-11,1636588800,76.261,76.771,75.837,76.091,3380600
VNM,2021-11-12,1636675200,76.431,76.516,75.667,75.837,2120400
VNM,2021-11-15,1636934400,76.006,76.091,75.582,75.582,3268000
VNM,2021-11-16,1637020800,75.582,75.837,75.157,75.242,3251700
VNM,2021-11-17,1637107200,75.242,76.091,75.242,75.412,2514400
VNM,2021-11-18,1637193600,75.412,75.412,74.733,74.733,3900000
VNM,2021-11-19,1637280000,74.733,75.072,73.034,73.119,5151200
VNM,2021-11-22,1637539200,73.034,73.459,72.949,73.204,3497600
VNM,2021-11-23,1637625600,73.459,73.629,73.034,73.289,2198800
VNM,2021-11-24,1637712000,73.459,74.308,73.459,74.308,2124500
VNM,2021-11-25,1637798400,74.308,74.902,74.053,74.308,2175400
VNM,2021-11-26,1637884800,74.393,75.412,74.308,74.987,3015700
VNM,2021-11-29,1638144000,74.563,74.648,74.053,74.308,2835900
VNM,2021-11-30,1638230400,74.393,75.412,74.393,74.393,3177100
VNM,2021-12-01,1638316800,74.733,75.242,74.223,74.308,1894500
VNM,2021-12-02,1638403200,74.308,74.733,74.223,74.223,1254100
VNM,2021-12-03,1638489600,74.393,74.733,72.864,72.864,2900400
VNM,2021-12-06,1638748800,73.034,73.544,72.44,72.44,3168200
VNM,2021-12-07,1638835200,72.864,73.459,72.525,73.459,1530000
VNM,2021-12-08,1638921600,73.289,73.459,72.779,73.034,1294500
VNM,2021-12-09,1639008000,72.949,73.968,72.779,73.883,1449900
VNM,2021-12-10,1639094400,73.459,73.883,72.864,73.289,1485000
VNM,2021-12-13,1639353600,73.289,73.713,73.034,73.374,1495700
VNM,2021-12-14,1639440000,73.374,73.798,73.204,73.289,1671200
VNM,2021-12-15,1639526400,73.374,73.629,73.289,73.289,1214100
VNM,2021-12-16,1639612800,73.289,73.544,73.034,73.544,1610300
VNM,2021-12-17,1639699200,73.544,73.629,72.779,72.779,2660200
VNM,2021-12-20,1639958400,73.034,73.289,72.694,72.779,1807000
VNM,2021-12-21,1640044800,72.864,73.034,72.609,72.609,1192900
VNM,2021-12-22,1640131200,72.779,73.204,72.44,72.525,1844400
VNM,2021-12-23,1640217600,72.525,72.525,71.76,71.93,2147800
VNM,2021-12-24,1640304000,71.93,73.034,71.93,73.034,1148400
VNM,2021-12-27,1640563200,73.034,73.374,72.779,73.119,1138300
VNM,2021-12-28,1640649600,73.204,73.204,72.355,72.609,1544400
VNM,2021-12-29,1640736000,72.609,72.694,72.27,72.355,945400
VNM,2021-12-30,1640822400,72.44,72.694,72.27,72.44,893100
VNM,2021-12-31,1640908800,72.609,74.308,72.44,73.374,2325100
VNM,2022-01-04,1641254400,74.053,74.223,73.629,73.629,1885600
VNM,2022-01-05,1641340800,73.713,73.883,73.034,73.204,3124600
VNM,2022-01-06,1641427200,73.119,73.119,72.44,72.525,2848200
VNM,2022-01-07,1641513600,72.44,72.694,72.185,72.355,2553900
VNM,2022-01-10,1641772800,73.216,73.388,72.093,72.266,2146400
VNM,2022-01-11,1641859200,72.18,72.525,72.093,72.266,1829000
VNM,2022-01-12,1641945600,72.352,72.352,71.403,71.748,2183600
VNM,2022-01-13,1642032000,72.007,72.266,71.575,71.748,1711600
VNM,2022-01-14,1642118400,71.748,73.475,71.403,73.129,2516600
VNM,2022-01-17,1642377600,73.388,73.388,71.575,71.575,2100400
VNM,2022-01-18,1642464000,71.575,72.093,71.316,72.007,2100400
VNM,2022-01-19,1642550400,71.575,72.093,71.403,72.007,1764900
VNM,2022-01-20,1642636800,71.662,71.921,71.575,71.662,1488400
VNM,2022-01-21,1642723200,71.662,71.921,71.23,71.316,1576400
VNM,2022-01-24,1642982400,71.316,71.403,69.935,69.935,2222200
VNM,2022-01-25,1643068800,69.503,69.935,68.294,68.381,3758600
VNM,2022-01-26,1643155200,68.467,69.503,68.467,68.812,1452100
VNM,2022-01-27,1643241600,69.158,72.007,69.158,71.748,2039000
VNM,2022-01-28,1643328000,71.662,72.698,71.489,71.748,2257400
VNM,2022-02-07,1644192000,71.834,72.525,71.575,72.093,1324200
VNM,2022-02-08,1644278400,72.007,72.093,70.798,70.798,2708900
VNM,2022-02-09,1644364800,70.798,72.266,70.798,71.489,1799300
VNM,2022-02-10,1644451200,71.489,71.921,71.057,71.403,1612500
VNM,2022-02-11,1644537600,71.23,71.316,70.712,70.798,1624600
VNM,2022-02-14,1644796800,70.366,70.798,69.935,70.021,2971800
VNM,2022-02-15,1644883200,70.021,70.366,69.935,70.107,1465300
VNM,2022-02-16,1644969600,70.107,70.194,69.33,69.417,2825100
VNM,2022-02-17,1645056000,69.503,70.107,69.417,69.762,1787700
VNM,2022-02-18,1645142400,69.158,69.762,69.158,69.589,1808100
VNM,2022-02-21,1645401600,69.848,70.453,69.848,69.935,1280600
VNM,2022-02-22,1645488000,69.848,69.935,68.812,69.071,3204500
VNM,2022-02-23,1645574400,69.071,69.503,68.899,69.071,2200300
VNM,2022-02-24,1645660800,69.071,69.071,67.776,67.863,2723500
VNM,2022-02-25,1645747200,68.208,68.64,68.122,68.122,1347700
VNM,2022-02-28,1646006400,68.122,68.208,67.172,67.69,2258900
VNM,2022-03-01,1646092800,67.69,68.553,67.517,68.381,1273100
VNM,2022-03-02,1646179200,68.381,68.381,67.345,67.776,2037100
VNM,2022-03-03,1646265600,67.949,68.208,67.517,67.69,1486600
VNM,2022-03-04,1646352000,67.69,67.69,67.172,67.258,2511600
VNM,2022-03-07,1646611200,67.258,67.258,66.222,66.309,3530800
VNM,2022-03-08,1646697600,65.877,66.05,65.618,65.704,2383000
VNM,2022-03-09,1646784000,65.618,66.309,64.754,64.841,3003700
VNM,2022-03-10,1646870400,65.618,67.258,65.618,66.568,2971800
VNM,2022-03-11,1646956800,66.654,67.776,66.568,67.345,2322900
VNM,2022-03-14,1647216000,67.345,67.345,66.395,66.654,1654700
VNM,2022-03-15,1647302400,66.481,66.913,65.877,66.654,1482600
VNM,2022-03-16,1647388800,66.654,67.345,66.481,66.74,1850400
VNM,2022-03-17,1647475200,66.999,67.172,66.481,66.654,1354400
VNM,2022-03-18,1647561600,66.136,66.481,65.618,65.618,4233000
VNM,2022-03-21,1647820800,65.618,67.258,65.618,66.999,1884100
VNM,2022-03-22,1647907200,67.258,67.258,66.309,66.395,2390200
VNM,2022-03-23,1647993600,66.309,66.481,65.531,65.704,3226000
VNM,2022-03-24,1648080000,65.618,65.704,64.927,65.272,3389800
VNM,2022-03-25,1648166400,65.272,65.445,64.841,64.927,2699500
VNM,2022-03-28,1648425600,65.013,65.272,63.373,63.373,4038700
VNM,2022-03-29,1648512000,63.459,65.186,63.459,65.186,2139300
VNM,2022-03-30,1648598400,65.186,66.136,64.841,65.79,3413800
VNM,2022-03-31,1648684800,65.79,69.935,65.618,69.848,9645800
VNM,2022-04-01,1648771200,69.935,71.403,69.33,70.539,6112000
VNM,2022-04-04,1649030400,70.798,71.23,70.366,70.971,3808700
VNM,2022-04-05,1649116800,70.626,70.626,69.417,69.417,2202100
VNM,2022-04-06,1649203200,69.071,70.107,68.294,68.467,4306700
VNM,2022-04-07,1649289600,68.985,69.071,67.776,67.776,1760300
VNM,2022-04-08,1649376000,67.776,68.294,66.74,66.74,2738300
VNM,2022-04-12,1649721600,66.74,67.172,66.05,66.309,1776300
VNM,2022-04-13,1649808000,66.309,67.776,66.222,66.654,2118800
VNM,2022-04-14,1649894400,66.913,67.345,65.877,65.877,1810200
VNM,2022-04-15,1649980800,66.05,66.999,65.618,66.05,1362400
VNM,2022-04-18,1650240000,66.05,67.258,65.963,66.481,2564300
VNM,2022-04-19,1650326400,66.568,67.086,65.618,65.618,1670200
VNM,2022-04-20,1650412800,65.618,66.222,65.272,65.272,1931100
VNM,2022-04-21,1650499200,65.013,66.05,64.754,64.754,4615600
VNM,2022-04-22,1650585600,65.359,66.05,65.186,65.531,2800400
VNM,2022-04-25,1650844800,65.618,65.877,63.028,63.459,2659800
VNM,2022-04-26,1650931200,63.459,65.618,61.214,65.531,3883000
VNM,2022-04-27,1651017600,64.927,65.445,63.632,64.754,1826000
VNM,2022-04-28,1651104000,64.668,64.668,63.718,64.15,1911000
VNM,2022-04-29,1651190400,64.236,64.754,63.891,64.064,1630100
VNM,2022-05-04,1651622400,64.064,64.236,62.596,62.596,1763900
VNM,2022-05-05,1651708800,63.2,63.2,61.733,62.251,1548200
VNM,2022-05-06,1651795200,61.646,61.819,60.006,60.61,2109800
VNM,2022-05-09,1652054400,60.61,61.733,60.092,60.437,2392100
VNM,2022-05-10,1652140800,60.437,62.078,60.437,60.955,3106500
VNM,2022-05-11,1652227200,60.955,61.387,60.006,60.006,1793700
VNM,2022-05-12,1652313600,60.265,60.265,57.416,57.416,3189100
VNM,2022-05-13,1652400000,57.847,58.538,56.897,57.07,4590600
VNM,2022-05-16,1652659200,57.502,58.365,56.725,56.811,1977800
VNM,2022-05-17,1652745600,56.638,60.437,56.293,60.437,2105100
VNM,2022-05-18,1652832000,60.437,60.869,60.006,60.696,1983200
VNM,2022-05-19,1652918400,60.006,60.437,59.574,59.574,1449400
VNM,2022-05-20,1653004800,59.574,60.351,58.711,58.797,1296200
VNM,2022-05-23,1653264000,59.142,59.315,57.156,57.243,2022200
VNM,2022-05-24,1653350400,57.588,59.488,57.416,59.488,2033000
VNM,2022-05-25,1653436800,59.488,62.423,59.488,62.078,2362100
VNM,2022-05-26,1653523200,62.078,62.078,61.042,61.56,1530800
VNM,2022-05-27,1653609600,61.56,63.287,61.042,63.028,3456900
VNM,2022-05-30,1653868800,62.941,62.941,62.164,62.596,2124400
VNM,2022-05-31,1653955200,62.251,62.51,61.905,61.905,2058700
VNM,2022-06-01,1654041600,61.733,62.682,61.56,62.078,1229600
VNM,2022-06-02,1654128000,62.164,62.164,61.128,61.387,1487800
VNM,2022-06-03,1654214400,61.301,61.56,60.437,60.696,1052800
VNM,2022-06-06,1654473600,60.61,61.473,60.437,61.128,1432000
VNM,2022-06-07,1654560000,60.696,61.042,60.437,60.955,1322200
VNM,2022-06-08,1654646400,61.042,61.646,61.042,61.301,1698600
VNM,2022-06-09,1654732800,61.301,61.387,60.61,60.61,1045100
VNM,2022-06-10,1654819200,60.437,60.61,60.006,60.006,1483300
VNM,2022-06-13,1655078400,59.056,59.056,57.156,57.329,2379700
VNM,2022-06-14,1655164800,56.552,58.279,56.466,57.07,1393200
VNM,2022-06-15,1655251200,57.07,57.416,55.689,55.689,2680600
VNM,2022-06-16,1655337600,56.207,58.97,56.12,58.711,2215500
VNM,2022-06-17,1655424000,57.761,59.229,56.293,57.588,2502800
VNM,2022-06-20,1655683200,57.329,60.178,57.329,59.574,2588200
VNM,2022-06-21,1655769600,59.747,63.718,59.401,63.632,4839300
VNM,2022-06-22,1655856000,63.114,63.373,60.955,60.955,2214000
VNM,2022-06-23,1655942400,60.955,62.164,60.437,61.042,1103100
VNM,2022-06-24,1656028800,61.301,62.941,61.214,61.733,1684400
VNM,2022-06-27,1656288000,61.992,62.251,60.696,61.387,1804300
VNM,2022-06-28,1656374400,60.955,62.769,60.524,61.128,3037200
VNM,2022-06-29,1656460800,60.955,62.769,60.955,62.423,1941000
VNM,2022-06-30,1656547200,62.423,64.582,62.337,62.337,3582600
VNM,2022-07-01,1656633600,62.423,63.805,62.164,63.632,2859000
VNM,2022-07-04,1656892800,63.891,65.445,63.718,64.841,3139300
VNM,2022-07-05,1656979200,65.013,65.1,63.028,63.114,2590800
VNM,2022-07-06,1657065600,63.426,63.872,62.086,63.158,2360100
VNM,2022-07-07,1657152000,63.158,65.212,62.532,65.212,3049600
VNM,2022-07-08,1657238400,65.212,65.48,64.766,65.212,1704200
VNM,2022-07-11,1657497600,64.498,66.731,64.319,65.212,2556900
VNM,2022-07-12,1657584000,65.212,66.016,64.855,65.48,976100
VNM,2022-07-13,1657670400,65.391,65.748,64.676,64.766,1423500
VNM,2022-07-14,1657756800,64.587,65.391,64.498,64.676,982300
VNM,2022-07-15,1657843200,64.676,65.212,63.962,63.962,1475000
VNM,2022-07-18,1658102400,64.319,64.498,63.872,64.051,1106700
VNM,2022-07-19,1658188800,64.319,65.123,63.962,65.034,1530100
VNM,2022-07-20,1658275200,65.391,65.748,65.034,65.212,1167800
VNM,2022-07-21,1658361600,64.766,65.748,64.498,65.391,1720500
VNM,2022-07-22,1658448000,65.391,65.391,64.319,64.319,712300
VNM,2022-07-25,1658707200,64.319,65.123,64.14,65.123,1242600
VNM,2022-07-26,1658793600,65.123,65.212,64.14,64.319,1154000
VNM,2022-07-27,1658880000,64.319,64.855,64.14,64.498,789500
VNM,2022-07-28,1658966400,64.766,65.034,64.587,64.855,1219400
VNM,2022-07-29,1659052800,64.944,65.748,64.676,65.034,2582800
VNM,2022-08-01,1659312000,65.034,65.659,64.498,65.659,2527600
VNM,2022-08-02,1659398400,65.57,66.284,64.944,65.57,2600900
VNM,2022-08-03,1659484800,65.034,65.659,64.766,65.57,3134700
VNM,2022-08-04,1659571200,65.57,65.57,65.034,65.48,1720600
VNM,2022-08-05,1659657600,65.48,65.57,64.855,64.855,2135400
VNM,2022-08-08,1659916800,64.766,64.766,64.408,64.498,2795800
VNM,2022-08-09,1660003200,64.498,64.676,64.319,64.319,2129800
VNM,2022-08-10,1660089600,64.319,64.855,64.319,64.766,1544800
VNM,2022-08-11,1660176000,64.855,64.855,63.158,63.515,3884600
VNM,2022-08-12,1660262400,63.426,64.23,63.426,64.23,1796100
VNM,2022-08-15,1660521600,64.319,64.319,63.694,63.872,2525800
VNM,2022-08-16,1660608000,64.14,64.676,64.051,64.14,1688300
VNM,2022-08-17,1660694400,64.14,64.855,64.051,64.855,1316400
VNM,2022-08-18,1660780800,64.855,65.748,64.855,65.57,4230600
VNM,2022-08-19,1660867200,65.57,66.552,65.123,66.195,5225600
VNM,2022-08-22,1661126400,66.195,66.82,65.838,65.838,2071700
VNM,2022-08-23,1661212800,65.838,67.803,65.748,67.714,4551200
VNM,2022-08-24,1661299200,67.714,69.947,67.714,69.411,5443600
VNM,2022-08-25,1661385600,69.59,69.947,68.786,69.59,2182100
VNM,2022-08-26,1661472000,69.5,69.768,68.071,68.696,2463000
VNM,2022-08-29,1661731200,67.982,68.16,67.356,67.446,3311500
VNM,2022-08-30,1661817600,67.446,68.25,67.446,67.892,2234900
VNM,2022-08-31,1661904000,67.803,68.25,67.446,67.446,1657100
VNM,2022-09-05,1662336000,67.446,69.5,67.446,69.232,3169400
VNM,2022-09-06,1662422400,69.232,70.572,69.054,69.5,2649000
VNM,2022-09-07,1662508800,69.5,69.5,67.624,67.624,2916400
VNM,2022-09-08,1662595200,67.892,68.339,67.178,67.624,1351100
VNM,2022-09-09,1662681600,67.803,68.339,67.446,67.803,1188500
VNM,2022-09-12,1662940800,67.892,68.071,67.267,67.267,1391890
VNM,2022-09-13,1663027200,67.178,67.892,67.178,67.624,1561638
VNM,2022-09-14,1663113600,66.91,66.999,65.927,66.106,2040943
VNM,2022-09-15,1663200000,66.195,67.178,66.195,66.552,1210034
VNM,2022-09-16,1663286400,66.731,67.892,66.463,67.892,2310120
VNM,2022-09-19,1663545600,67.535,67.624,66.91,67.178,1419408
VNM,2022-09-20,1663632000,67.267,68.071,67.267,67.714,1140495
VNM,2022-09-21,1663718400,67.624,69.322,67.535,68.696,2480307
VNM,2022-09-22,1663804800,68.428,68.875,67.892,68.696,1034545
VNM,2022-09-23,1663891200,68.786,69.054,68.339,68.518,1399756
VNM,2022-09-26,1664150400,67.714,68.071,65.838,66.106,3387326
VNM,2022-09-27,1664236800,66.552,66.91,64.587,64.676,2416742
VNM,2022-09-28,1664323200,64.319,65.212,63.336,64.14,2146817
VNM,2022-09-29,1664409600,65.123,65.659,64.498,64.944,2034120
VNM,2022-09-30,1664496000,64.23,65.48,64.23,64.587,2346199
VNM,2022-10-03,1664755200,64.23,64.766,63.426,63.426,2040145
VNM,2022-10-04,1664841600,64.14,64.14,62.532,63.336,1632502
VNM,2022-10-05,1664928000,63.426,64.319,63.426,63.962,1494257
VNM,2022-10-06,1665014400,63.694,63.783,62.532,62.532,1503513
VNM,2022-10-07,1665100800,61.907,63.694,59.406,62.354,2686766
VNM,2022-10-10,1665360000,61.192,63.872,60.21,62.979,1663239
VNM,2022-10-11,1665446400,62.979,63.872,62.175,62.711,1719285
VNM,2022-10-12,1665532800,62.979,64.051,62.622,63.962,1274959
VNM,2022-10-13,1665619200,63.426,65.927,63.247,65.927,3172239
VNM,2022-10-14,1665705600,66.106,66.552,65.838,66.106,1437871
VNM,2022-10-17,1665964800,65.927,67.088,65.838,66.195,1681156
VNM,2022-10-18,1666051200,66.999,68.786,66.731,68.339,3138948
VNM,2022-10-19,1666137600,67.982,68.607,67.982,68.428,1038904
VNM,2022-10-20,1666224000,68.428,69.232,67.714,69.232,2291524
VNM,2022-10-21,1666310400,69.232,70.036,68.339,68.786,2098990
VNM,2022-10-24,1666569600,68.964,68.964,66.106,66.106,1579414
VNM,2022-10-25,1666656000,66.195,68.607,66.195,67.892,1658734
VNM,2022-10-26,1666742400,67.892,68.25,67.535,67.892,825157
VNM,2022-10-27,1666828800,67.892,70.126,67.892,70.126,2285350
VNM,2022-10-28,1666915200,70.126,70.215,69.411,69.679,1440253
VNM,2022-10-31,1667174400,69.411,70.126,69.054,70.126,1573511
VNM,2022-11-01,1667260800,70.126,73.699,70.126,71.644,3182949
VNM,2022-11-02,1667347200,71.644,71.734,69.947,69.947,1831325
VNM,2022-11-03,1667433600,69.679,72.091,69.679,71.466,1279244
VNM,2022-11-04,1667520000,71.376,72.359,69.679,71.466,2910873
VNM,2022-11-07,1667779200,71.555,73.431,71.466,73.431,2640530
VNM,2022-11-08,1667865600,73.431,73.609,71.108,73.609,2303484
VNM,2022-11-09,1667952000,73.252,73.431,71.466,72.269,2702165
VNM,2022-11-10,1668038400,72.269,72.359,68.786,70.036,2639743
VNM,2022-11-11,1668124800,70.483,71.823,70.036,70.036,1565416
VNM,2022-11-14,1668384000,69.679,73.252,67.982,70.572,2597912
VNM,2022-11-15,1668470400,70.572,70.93,68.339,68.786,2090963
VNM,2022-11-16,1668556800,67.446,70.394,65.927,66.552,3544510
VNM,2022-11-17,1668643200,68.607,69.947,67.088,67.892,2600851
VNM,2022-11-18,1668729600,68.786,69.5,67.624,68.786,2230809
VNM,2022-11-21,1668988800,68.786,69.59,68.696,69.59,1788236
VNM,2022-11-22,1669075200,69.232,71.644,69.143,71.019,2282682
VNM,2022-11-23,1669161600,71.019,71.198,69.947,70.93,773770
VNM,2022-11-24,1669248000,70.572,72.537,70.483,72.537,2883664
VNM,2022-11-25,1669334400,72.627,73.877,72.359,73.431,2597228
VNM,2022-11-28,1669593600,73.252,74.503,72.984,72.984,2300555
VNM,2022-11-29,1669680000,72.627,74.413,71.912,74.145,2405600
VNM,2022-11-30,1669766400,74.145,74.145,72.805,73.967,1996463
VNM,2022-12-01,1669852800,72.895,74.056,72.895,73.609,2218159
VNM,2022-12-02,1669939200,73.52,75.039,73.252,75.039,2523394
VNM,2022-12-05,1670198400,75.128,76.468,75.128,75.932,2067794
VNM,2022-12-06,1670284800,75.932,76.021,73.699,73.699,1396651
VNM,2022-12-07,1670371200,74.145,75.307,73.073,73.699,1840655
VNM,2022-12-08,1670457600,74.145,75.039,72.359,72.359,1597948
VNM,2022-12-09,1670544000,72.359,73.073,71.466,71.466,2409728
VNM,2022-12-12,1670803200,71.734,73.163,70.036,70.126,3144784
VNM,2022-12-13,1670889600,70.215,70.93,68.964,69.679,3611310
VNM,2022-12-14,1670976000,70.93,70.93,69.232,69.232,3523110
VNM,2022-12-15,1671062400,69.232,70.751,69.054,69.322,2596282
VNM,2022-12-16,1671148800,69.411,70.394,69.322,69.679,3003287
VNM,2022-12-19,1671408000,70.126,70.126,68.786,68.786,2425078
VNM,2022-12-20,1671494400,69.054,71.198,68.696,70.304,3031345
VNM,2022-12-21,1671580800,71.198,72.002,71.019,71.198,2306984
VNM,2022-12-22,1671667200,72.109,72.291,70.018,70.018,1588107
VNM,2022-12-23,1671753600,70.109,71.109,69.29,69.29,1562595
VNM,2022-12-26,1672012800,69.472,70.563,69.018,69.109,1658620
VNM,2022-12-27,1672099200,69.836,70.927,69.109,69.654,1587728
VNM,2022-12-28,1672185600,69.745,70.927,69.654,70.018,1189135
VNM,2022-12-29,1672272000,70.382,71.109,70.018,70.018,1330412
VNM,2022-12-30,1672358400,70.927,70.927,69.199,69.199,1199657
VNM,2023-01-03,1672704000,69.563,71.382,69.29,71.382,1496887
VNM,2023-01-04,1672790400,71.564,72.109,71.473,72.109,1090697
VNM,2023-01-05,1672876800,72.109,74.019,71.837,73.837,2471156
VNM,2023-01-06,1672963200,73.655,73.837,72.382,72.564,1270661
VNM,2023-01-09,1673222400,72.655,73.382,72.382,73.382,949900
VNM,2023-01-10,1673308800,73.564,74.11,73.291,73.655,1196828
VNM,2023-01-11,1673395200,73.655,74.201,72.2,72.2,1535421
VNM,2023-01-12,1673481600,72.655,72.928,72.109,72.746,685545
VNM,2023-01-13,1673568000,72.928,73.746,72.837,73.291,1449667
VNM,2023-01-16,1673827200,73.291,73.473,72.2,72.2,655271
VNM,2023-01-17,1673913600,72.928,73.655,72.2,73.564,1672065
VNM,2023-01-18,1674000000,73.564,74.11,73.382,73.928,1299292
VNM,2023-01-19,1674086400,73.473,74.11,72.746,73.928,2628489
VNM,2023-01-27,1674777600,74.019,74.474,72.382,72.746,2333482
VNM,2023-01-30,1675036800,72.746,72.746,72.2,72.2,1614712
VNM,2023-01-31,1675123200,72.018,72.291,69.927,70.109,4819134
VNM,2023-02-01,1675209600,70.654,70.745,69.927,70.2,1811677
VNM,2023-02-02,1675296000,70.382,70.473,69.745,69.745,1494960
VNM,2023-02-03,1675382400,70.018,70.109,69.018,69.109,1857505
VNM,2023-02-06,1675641600,69.018,70.473,69.018,70.382,1911471
VNM,2023-02-07,1675728000,70.563,70.563,69.199,69.199,1275373
VNM,2023-02-08,1675814400,69.29,69.654,68.836,68.927,1551091
VNM,2023-02-09,1675900800,68.927,69.109,68.199,68.199,1594747
VNM,2023-02-10,1675987200,68.199,69.018,68.199,69.018,1236884
VNM,2023-02-13,1676246400,69.018,69.018,67.381,68.472,1570936
VNM,2023-02-14,1676332800,68.472,68.836,67.654,67.926,1074782
VNM,2023-02-15,1676419200,67.926,69.109,67.654,69.109,1444301
VNM,2023-02-16,1676505600,69.109,69.563,68.745,69.563,692037
VNM,2023-02-17,1676592000,69.199,69.472,68.472,69.109,777880
VNM,2023-02-20,1676851200,69.109,70.473,68.654,70.473,1386188
VNM,2023-02-21,1676937600,70.473,70.563,69.745,70.2,889193
VNM,2023-02-22,1677024000,69.381,69.745,68.654,68.654,1296443
VNM,2023-02-23,1677110400,68.654,69.927,67.654,68.836,2328809
VNM,2023-02-24,1677196800,68.836,69.109,67.745,67.926,1681692
VNM,2023-02-27,1677456000,67.926,69.018,67.29,68.381,1113616
VNM,2023-02-28,1677542400,68.654,69.018,68.29,68.654,1035315
VNM,2023-03-01,1677628800,68.29,70.018,68.199,69.927,1636044
VNM,2023-03-02,1677715200,69.927,69.927,69.199,69.563,1089291
VNM,2023-03-03,1677801600,68.199,69.836,68.199,69.109,704604
VNM,2023-03-06,1678060800,69.109,69.654,68.199,68.199,892543
VNM,2023-03-07,1678147200,69.018,69.29,68.654,68.927,1171596
VNM,2023-03-08,1678233600,68.381,69.563,68.199,69.563,1245092
VNM,2023-03-09,1678320000,69.29,70.109,69.29,69.563,1390428
VNM,2023-03-10,1678406400,69.563,70.2,69.199,69.927,1428506
VNM,2023-03-13,1678665600,69.836,70.109,69.654,69.927,1825388
VNM,2023-03-14,1678752000,69.381,69.927,68.745,69.654,1735682
VNM,2023-03-15,1678838400,69.654,70.291,69.563,70.109,1960620
VNM,2023-03-16,1678924800,70.018,70.109,69.018,69.472,1530353
VNM,2023-03-17,1679011200,69.472,69.472,67.745,67.745,2433870
VNM,2023-03-20,1679270400,68.199,68.199,67.381,67.563,1610450
VNM,2023-03-21,1679356800,67.654,68.29,67.472,67.654,1351452
VNM,2023-03-22,1679443200,67.835,67.926,67.654,67.654,901008
VNM,2023-03-23,1679529600,67.563,68.472,67.29,68.472,1285502
VNM,2023-03-24,1679616000,68.199,68.654,68.017,68.199,932820
VNM,2023-03-27,1679875200,68.199,68.199,67.563,67.835,1371841
VNM,2023-03-28,1679961600,67.745,68.472,67.654,67.654,1650696
VNM,2023-03-29,1680048000,67.926,68.108,67.654,68.108,907785
VNM,2023-03-30,1680134400,67.926,68.563,67.835,68.199,839461
VNM,2023-03-31,1680220800,68.199,68.563,67.654,67.654,1076689
VNM,2023-04-03,1680480000,67.835,68.108,67.472,67.654,851274
VNM,2023-04-04,1680566400,67.654,67.745,67.472,67.472,1819637
VNM,2023-04-05,1680652800,67.472,68.017,67.381,67.745,964016
VNM,2023-04-06,1680739200,67.654,67.835,67.563,67.563,906247
VNM,2023-04-07,1680825600,67.654,67.926,67.563,67.926,795228
VNM,2023-04-10,1681084800,67.926,67.926,67.654,67.654,833066
VNM,2023-04-11,1681171200,67.563,67.745,67.381,67.654,783565
VNM,2023-04-12,1681257600,67.654,67.654,67.29,67.563,979996
VNM,2023-04-13,1681344000,67.563,67.654,66.835,66.835,891570
VNM,2023-04-14,1681430400,66.926,67.017,66.199,66.199,1294816
VNM,2023-04-17,1681689600,66.199,66.29,65.198,65.198,1366872
VNM,2023-04-18,1681776000,65.289,66.381,65.289,66.381,932467
VNM,2023-04-19,1681862400,66.471,66.471,65.471,65.471,817480
VNM,2023-04-20,1681948800,65.562,66.017,65.289,65.38,822994
VNM,2023-04-21,1682035200,65.471,65.471,64.38,64.471,1109508
VNM,2023-04-24,1682294400,64.562,64.653,63.834,64.107,1135168
VNM,2023-04-25,1682380800,64.107,64.926,63.471,63.562,1371733
VNM,2023-04-26,1682467200,63.653,64.562,63.653,64.562,942125
VNM,2023-04-27,1682553600,64.562,64.562,63.198,63.198,1370570
VNM,2023-04-28,1682640000,63.471,63.834,63.38,63.653,1117094
VNM,2023-05-04,1683158400,63.653,63.653,62.198,62.379,2659616
VNM,2023-05-05,1683244800,62.379,62.925,62.379,62.561,712871
VNM,2023-05-08,1683504000,62.743,64.016,62.743,64.016,1228760
VNM,2023-05-09,1683590400,64.38,64.562,64.107,64.289,872498
VNM,2023-05-10,1683676800,64.38,64.653,64.107,64.107,952494
VNM,2023-05-11,1683763200,64.107,64.471,63.653,63.653,447884
VNM,2023-05-12,1683849600,64.016,64.016,63.198,63.289,1214899
VNM,2023-05-15,1684108800,63.562,63.562,62.743,62.743,1539719
VNM,2023-05-16,1684195200,62.743,63.38,62.743,63.38,1381060
VNM,2023-05-17,1684281600,63.38,63.38,62.561,62.743,1869705
VNM,2023-05-18,1684368000,62.743,63.653,62.289,62.925,2498777
VNM,2023-05-19,1684454400,63.107,63.198,62.379,62.379,1204484
VNM,2023-05-22,1684713600,62.47,62.743,62.016,62.016,1699621
VNM,2023-05-23,1684800000,61.834,62.198,60.925,60.925,2940962
VNM,2023-05-24,1684886400,61.015,61.288,60.106,60.288,2354186
VNM,2023-05-25,1684972800,60.197,61.379,60.015,61.015,1306722
VNM,2023-05-26,1685059200,61.288,61.834,61.015,61.015,906227
VNM,2023-05-29,1685318400,61.197,61.561,61.015,61.015,1044750
VNM,2023-05-30,1685404800,61.015,61.288,60.47,60.47,1772267
VNM,2023-05-31,1685491200,60.743,60.743,60.106,60.106,1468744
VNM,2023-06-01,1685577600,60.106,60.47,60.015,60.106,1217050
VNM,2023-06-02,1685664000,60.197,60.288,59.561,59.924,2972493
VNM,2023-06-05,1685923200,60.47,61.106,60.197,60.47,3326155
VNM,2023-06-06,1686009600,60.834,60.834,60.015,60.379,3425841
VNM,2023-06-07,1686096000,60.47,60.652,60.015,60.197,3720457
VNM,2023-06-08,1686182400,60.47,60.47,59.561,59.561,5040797
VNM,2023-06-09,1686268800,59.652,60.47,59.561,59.833,2081714
VNM,2023-06-12,1686528000,60.015,61.834,60.015,61.743,5452337
VNM,2023-06-13,1686614400,61.925,62.107,61.379,61.47,4946444
VNM,2023-06-14,1686700800,61.561,62.016,61.015,61.015,4911944
VNM,2023-06-15,1686787200,61.197,61.288,60.197,60.288,4689964
VNM,2023-06-16,1686873600,60.47,60.561,60.015,60.106,5994312
VNM,2023-06-19,1687132800,60.288,60.561,59.652,59.833,3284579
VNM,2023-06-20,1687219200,59.924,59.924,59.561,59.561,2964627
VNM,2023-06-21,1687305600,59.652,60.288,59.561,60.288,3492784
VNM,2023-06-22,1687392000,60.47,61.197,60.288,60.834,5613113
VNM,2023-06-23,1687478400,60.925,63.198,60.925,62.834,11963164
VNM,2023-06-26,1687737600,63.016,64.289,62.107,64.198,10742723
VNM,2023-06-27,1687824000,64.38,64.38,63.289,64.107,5982210
VNM,2023-06-28,1687910400,64.107,64.471,63.38,64.198,6157222
VNM,2023-06-29,1687996800,64.198,65.835,63.743,65.38,7702292
VNM,2023-06-30,1688083200,65.38,65.471,64.38,64.562,3646759
VNM,2023-07-03,1688342400,64.653,64.926,63.925,64.289,3187816
VNM,2023-07-04,1688428800,64.107,64.744,63.743,64.198,4783357
VNM,2023-07-05,1688515200,64.38,64.38,63.289,63.471,6661035
VNM,2023-07-06,1688601600,63.562,64.289,63.471,64.107,7632376
VNM,2023-07-07,1688688000,64.289,64.744,64.016,64.471,5782449
VNM,2023-07-10,1688947200,64.926,66.108,64.744,65.562,6174583
VNM,2023-07-11,1689033600,65.562,66.744,65.198,66.199,5705271
VNM,2023-07-12,1689120000,66.29,66.835,66.017,66.835,4197529
VNM,2023-07-13,1689206400,66.744,67.108,66.29,66.471,3785836
VNM,2023-07-14,1689292800,66.562,66.744,65.562,66.653,5211888
VNM,2023-07-17,1689552000,66.381,66.926,65.653,65.744,3924388
VNM,2023-07-18,1689638400,65.926,66.017,65.653,65.835,2931448
VNM,2023-07-19,1689724800,65.926,66.381,65.835,66.017,2946641
VNM,2023-07-20,1689811200,66.017,66.199,65.744,66.017,2601742
VNM,2023-07-21,1689897600,66.017,66.835,65.926,66.835,3343300
VNM,2023-07-24,1690156800,66.835,67.29,66.653,66.926,2537340
VNM,2023-07-25,1690243200,66.926,67.926,66.471,67.745,4249028
VNM,2023-07-26,1690329600,67.654,68.381,67.563,68.199,3191917
VNM,2023-07-27,1690416000,68.199,68.927,68.017,68.836,4180261
VNM,2023-07-28,1690502400,68.927,70.654,68.745,70.382,5476424
VNM,2023-07-31,1690761600,70.291,71.291,70.2,70.927,3366889
VNM,2023-08-01,1690848000,70.927,70.927,69.109,69.109,5735402
VNM,2023-08-02,1690934400,69.109,69.563,68.472,69.199,2680830
VNM,2023-08-03,1691020800,69.623,69.623,68.213,68.213,2921459
VNM,2023-08-04,1691107200,68.119,68.589,67.65,68.589,3167057
VNM,2023-08-07,1691366400,68.495,70.374,67.931,70.374,4320043
VNM,2023-08-08,1691452800,70.186,70.374,69.435,69.998,3433019
VNM,2023-08-09,1691539200,69.998,69.998,68.401,68.683,3707004
VNM,2023-08-10,1691625600,68.683,69.529,68.495,68.683,2734314
VNM,2023-08-11,1691712000,68.683,69.059,68.025,69.059,2182946
VNM,2023-08-14,1691971200,68.965,69.059,68.119,68.965,3068103
VNM,2023-08-15,1692057600,68.495,68.965,68.307,68.401,2221214
VNM,2023-08-16,1692144000,68.401,69.059,68.119,68.683,2085184
VNM,2023-08-17,1692230400,68.683,69.998,68.495,69.153,4583142
VNM,2023-08-18,1692316800,69.059,70.28,67.743,68.871,7109124
VNM,2023-08-21,1692576000,68.307,69.341,68.307,68.495,3057188
VNM,2023-08-22,1692662400,68.777,68.777,66.804,68.307,3077286
VNM,2023-08-23,1692748800,68.025,69.153,67.274,69.059,3074249
VNM,2023-08-24,1692835200,69.059,70.374,68.589,70.186,4422381
VNM,2023-08-25,1692921600,70.75,70.75,69.811,70.374,2753310
VNM,2023-08-28,1693180800,70.468,73.381,70.468,73.193,5471972
VNM,2023-08-29,1693267200,72.817,72.911,71.596,72.723,4202862
VNM,2023-08-30,1693353600,72.347,73.757,71.878,73.099,2662115
VNM,2023-08-31,1693440000,72.817,74.133,72.441,73.099,3838621
VNM,2023-09-05,1693872000,73.757,75.636,73.381,75.26,6845824
VNM,2023-09-06,1693958400,75.26,75.26,74.696,75.166,2283065
VNM,2023-09-07,1694044800,75.072,75.166,73.851,74.696,3529590
VNM,2023-09-08,1694131200,74.415,75.26,74.321,75.166,2776520
VNM,2023-09-11,1694390400,75.166,76.2,72.911,74.696,4237647
VNM,2023-09-12,1694476800,74.227,75.824,73.569,75.448,2670725
VNM,2023-09-13,1694563200,74.79,75.448,73.945,74.321,2508754
VNM,2023-09-14,1694649600,73.757,75.166,73.663,74.602,2484286
VNM,2023-09-15,1694736000,74.602,76.294,74.227,74.696,5618032
VNM,2023-09-18,1694995200,74.321,74.978,73.945,74.133,1323228
VNM,2023-09-19,1695081600,73.757,74.133,72.723,74.133,2573801
VNM,2023-09-20,1695168000,73.663,74.039,73.287,73.569,1843700
VNM,2023-09-21,1695254400,73.381,73.569,72.629,73.287,2539608
VNM,2023-09-22,1695340800,72.441,73.569,71.22,72.817,4246836
VNM,2023-09-25,1695600000,72.535,73.757,72.066,72.911,2757237
VNM,2023-09-26,1695686400,72.911,73.287,71.408,71.502,2535904
VNM,2023-09-27,1695772800,71.69,71.972,70.28,71.972,2274868
VNM,2023-09-28,1695859200,71.502,71.784,70.28,70.28,1890909
VNM,2023-09-29,1695945600,70.468,71.784,69.717,69.717,1404507
VNM,2023-10-02,1696204800,69.717,71.032,69.717,71.032,1160811
VNM,2023-10-03,1696291200,70.092,70.562,69.435,69.529,1995033
VNM,2023-10-04,1696377600,69.153,70.092,68.965,69.905,1078838
VNM,2023-10-05,1696464000,69.623,69.905,68.307,68.307,2574586
VNM,2023-10-06,1696550400,68.307,69.717,68.213,69.717,1228077
VNM,2023-10-09,1696809600,69.529,69.623,69.153,69.247,832217
VNM,2023-10-10,1696896000,69.811,70.468,69.529,69.905,1025137
VNM,2023-10-11,1696982400,70.092,70.28,69.529,69.905,1135163
VNM,2023-10-12,1697068800,69.998,71.314,69.998,70.938,2536450
VNM,2023-10-13,1697155200,70.844,71.69,70.468,71.22,1488140
VNM,2023-10-16,1697414400,70.562,71.22,70.186,70.656,1345442
VNM,2023-10-17,1697500800,70.75,71.502,70.28,70.28,1423057
VNM,2023-10-18,1697587200,70.28,70.28,68.025,69.435,2574510
VNM,2023-10-19,1697673600,68.965,68.965,66.616,67.086,3908340
VNM,2023-10-20,1697760000,66.992,68.119,65.958,67.931,2373599
VNM,2023-10-23,1698019200,67.368,67.65,65.864,65.958,2727972
VNM,2023-10-24,1698105600,65.958,66.522,65.864,66.052,1100884
VNM,2023-10-25,1698192000,66.052,66.522,64.831,64.831,2427114
VNM,2023-10-26,1698278400,64.361,64.455,61.918,62.952,5207092
VNM,2023-10-27,1698364800,63.233,63.891,62.576,63.891,1812684
VNM,2023-10-30,1698624000,63.797,63.891,63.046,63.515,1048393
VNM,2023-10-31,1698710400,63.797,65.301,63.515,63.891,2185475
VNM,2023-11-01,1698796800,64.831,66.24,63.797,66.146,2338586
VNM,2023-11-02,1698883200,66.24,66.616,65.582,66.616,2391399
VNM,2023-11-03,1698969600,66.616,66.616,65.582,65.77,1694064
VNM,2023-11-06,1699228800,65.958,67.18,65.864,66.71,1138171
VNM,2023-11-07,1699315200,66.24,66.522,65.582,66.522,1475825
VNM,2023-11-08,1699401600,66.522,67.18,65.582,67.086,2340935
VNM,2023-11-09,1699488000,67.274,67.743,66.428,66.428,3421983
VNM,2023-11-10,1699574400,66.522,66.522,65.395,65.395,2835087
VNM,2023-11-13,1699833600,65.488,65.77,64.455,64.549,1733685
VNM,2023-11-14,1699920000,64.831,65.207,64.079,64.737,3000746
VNM,2023-11-15,1700006400,65.77,67.462,65.77,66.428,3952659
VNM,2023-11-16,1700092800,66.334,66.992,65.676,66.052,2339920
VNM,2023-11-17,1700179200,66.71,66.804,65.019,65.77,2337926
VNM,2023-11-20,1700438400,65.019,65.676,64.831,65.113,1771341
VNM,2023-11-21,1700524800,65.207,65.582,64.737,65.301,2961268
VNM,2023-11-22,1700611200,65.301,65.958,64.831,65.207,1303748
VNM,2023-11-23,1700697600,65.582,65.676,64.549,64.549,1624542
VNM,2023-11-24,1700784000,64.455,64.737,63.515,64.173,3131505
VNM,2023-11-27,1701043200,64.173,64.267,63.797,63.985,1335046
VNM,2023-11-28,1701129600,63.985,64.361,63.421,64.361,1777650
VNM,2023-11-29,1701216000,64.361,64.643,64.079,64.267,1263921
VNM,2023-11-30,1701302400,64.267,64.549,63.327,63.327,2583323
VNM,2023-12-01,1701388800,63.891,64.361,63.609,64.267,1393194
VNM,2023-12-04,1701648000,64.361,65.301,64.267,64.643,3008642
VNM,2023-12-05,1701734400,64.643,64.831,63.891,63.985,2304277
VNM,2023-12-06,1701820800,63.985,64.455,63.985,64.361,1607662
VNM,2023-12-07,1701907200,64.643,64.643,63.421,64.267,3877491
VNM,2023-12-08,1701993600,64.267,65.113,63.891,64.831,3730770
VNM,2023-12-11,1702252800,66.24,66.24,65.676,65.77,4737231
VNM,2023-12-12,1702339200,65.77,65.864,64.831,65.207,2791599
VNM,2023-12-13,1702425600,65.395,65.488,63.985,64.079,4516351
VNM,2023-12-14,1702512000,64.267,64.737,64.079,64.267,1463160
VNM,2023-12-15,1702598400,64.361,64.455,63.985,63.985,3741675
VNM,2023-12-18,1702857600,63.985,64.079,62.952,62.952,3518371
VNM,2023-12-19,1702944000,63.046,63.327,62.294,62.952,3066185
VNM,2023-12-20,1703030400,62.952,64.079,62.952,63.985,2605917
VNM,2023-12-21,1703116800,63.797,64.173,63.703,63.703,2587654
VNM,2023-12-22,1703203200,63.703,63.985,63.421,63.515,2147607
VNM,2023-12-25,1703462400,63.515,64.549,63.515,63.797,2675110
VNM,2023-12-26,1703548800,64.173,64.361,63.891,63.891,1977559
VNM,2023-12-27,1703635200,64.368,64.557,63.894,63.894,1628408
VNM,2023-12-28,1703721600,63.894,64.841,63.894,64.841,2410778
VNM,2023-12-29,1703808000,65.03,65.03,63.989,63.989,1956751
VNM,2024-01-02,1704153600,64.557,64.841,64.273,64.652,2144983
VNM,2024-01-03,1704240000,64.746,65.314,64.368,65.314,1891530
VNM,2024-01-04,1704326400,65.409,65.787,65.314,65.314,3403997
VNM,2024-01-05,1704412800,65.598,65.598,64.841,65.125,1477880
VNM,2024-01-08,1704672000,65.314,65.409,64.557,64.557,2399171
VNM,2024-01-09,1704758400,64.557,64.841,64.368,64.462,2461700
VNM,2024-01-10,1704844800,64.462,64.462,63.8,63.894,3010809
VNM,2024-01-11,1704931200,63.894,64.841,63.894,64.273,2085776
VNM,2024-01-12,1705017600,63.989,64.273,63.421,63.61,3286730
VNM,2024-01-15,1705276800,63.61,63.894,63.421,63.421,2228627
VNM,2024-01-16,1705363200,63.421,63.8,63.137,63.8,2074925
VNM,2024-01-17,1705449600,63.894,64.273,63.421,63.516,1829118
VNM,2024-01-18,1705536000,63.705,64.178,63.705,63.8,1230002
VNM,2024-01-19,1705622400,63.8,64.935,63.8,64.368,2621840
VNM,2024-01-22,1705881600,64.368,65.03,64.368,64.652,1961559
VNM,2024-01-23,1705968000,64.652,64.652,63.989,64.084,2113751
VNM,2024-01-24,1706054400,64.178,64.368,63.61,63.705,2085392
VNM,2024-01-25,1706140800,63.8,63.894,63.326,63.326,2662473
VNM,2024-01-26,1706227200,63.421,63.894,63.421,63.421,1677432
VNM,2024-01-29,1706486400,63.516,63.705,63.326,63.421,1734356
VNM,2024-01-30,1706572800,63.705,63.705,63.326,63.326,1791324
VNM,2024-01-31,1706659200,63.61,64.557,63.326,63.421,4021787
VNM,2024-02-01,1706745600,63.61,64.178,63.61,63.894,2500699
VNM,2024-02-02,1706832000,63.894,64.084,63.421,63.8,2613144
VNM,2024-02-05,1707091200,63.8,64.557,63.61,64.368,3568444
VNM,2024-02-06,1707177600,64.462,64.557,63.989,63.989,2394933
VNM,2024-02-07,1707264000,63.989,64.273,63.61,63.989,2737292
VNM,2024-02-15,1707955200,63.989,64.368,63.61,63.989,3880447
VNM,2024-02-16,1708041600,64.178,66.545,63.894,66.261,11120422
VNM,2024-02-19,1708300800,67.113,68.722,66.923,68.059,6660129
VNM,2024-02-20,1708387200,67.87,68.533,67.491,67.681,4390643
VNM,2024-02-21,1708473600,67.681,68.059,67.207,67.491,3593123
VNM,2024-02-22,1708560000,67.491,68.816,67.302,67.775,4652126
VNM,2024-02-23,1708646400,67.965,68.816,67.207,67.207,6146121
VNM,2024-02-26,1708905600,67.207,67.87,66.923,67.207,3050150
VNM,2024-02-27,1708992000,67.397,68.533,67.302,68.154,5285311
VNM,2024-02-28,1709078400,68.533,68.722,67.681,68.343,3422219
VNM,2024-02-29,1709164800,68.722,69.384,67.775,68.154,6543917
VNM,2024-03-01,1709251200,68.249,68.249,67.397,67.681,4399953
VNM,2024-03-04,1709510400,67.965,68.816,67.775,68.154,5018814
VNM,2024-03-05,1709596800,68.154,69.1,67.87,69.1,5443242
VNM,2024-03-06,1709683200,69.384,69.574,67.965,67.965,4837251
VNM,2024-03-07,1709769600,67.87,68.249,67.491,68.154,5070038
VNM,2024-03-08,1709856000,68.249,69.006,66.261,66.261,7364624
VNM,2024-03-11,1710115200,66.734,67.491,66.261,66.545,4214115
VNM,2024-03-12,1710201600,66.639,66.829,66.261,66.261,3847561
VNM,2024-03-13,1710288000,66.355,67.113,66.261,67.018,5648587
VNM,2024-03-14,1710374400,67.207,67.491,66.545,66.734,5449322
VNM,2024-03-15,1710460800,67.216,67.216,65.873,65.969,4857330
VNM,2024-03-18,1710720000,65.969,66.257,64.819,65.106,6803665
VNM,2024-03-19,1710806400,65.682,65.682,65.01,65.01,3166304
VNM,2024-03-20,1710892800,65.01,65.777,64.723,65.202,3551272
VNM,2024-03-21,1710979200,65.394,65.682,65.106,65.586,4910550
VNM,2024-03-22,1711065600,65.777,65.873,65.01,65.01,6070254
VNM,2024-03-25,1711324800,65.106,65.394,64.339,64.531,5459681
VNM,2024-03-26,1711411200,64.627,65.106,64.531,64.914,2507194
VNM,2024-03-27,1711497600,65.202,65.202,64.723,64.914,2639932
VNM,2024-03-28,1711584000,64.914,65.586,64.819,64.914,4474441
VNM,2024-03-29,1711670400,65.586,65.586,64.723,64.819,3487674
VNM,2024-04-01,1711929600,64.819,64.914,64.243,64.243,4996398
VNM,2024-04-02,1712016000,64.243,64.627,63.956,64.531,4325527
VNM,2024-04-03,1712102400,64.531,64.531,63.956,63.956,5054063
VNM,2024-04-04,1712188800,63.956,65.586,63.956,65.394,7477825
VNM,2024-04-05,1712275200,65.394,65.394,64.914,65.106,4237214
VNM,2024-04-08,1712534400,65.202,65.202,64.147,64.243,3671802
VNM,2024-04-09,1712620800,64.339,64.531,64.051,64.243,2518780
VNM,2024-04-10,1712707200,64.339,64.531,64.051,64.051,2767420
VNM,2024-04-11,1712793600,63.956,64.147,63.764,63.86,2950689
VNM,2024-04-12,1712880000,64.051,64.339,63.86,63.956,2511089
VNM,2024-04-15,1713139200,63.956,63.956,62.23,62.23,5766677
VNM,2024-04-16,1713225600,62.23,62.326,60.408,61.367,7137771
VNM,2024-04-17,1713312000,61.75,62.23,61.558,61.558,4593232
VNM,2024-04-19,1713484800,61.558,61.75,60.695,61.558,4521513
VNM,2024-04-22,1713744000,62.038,62.613,61.367,61.367,2038048
VNM,2024-04-23,1713830400,61.558,61.654,60.6,60.887,2020719
VNM,2024-04-24,1713916800,61.367,61.654,60.887,61.367,2403394
VNM,2024-04-25,1714003200,61.367,62.134,61.271,62.038,1918445
VNM,2024-04-26,1714089600,62.038,63.093,61.846,62.326,2944790
VNM,2024-05-02,1714608000,62.709,62.805,62.23,62.709,2566088
VNM,2024-05-03,1714694400,62.901,63.284,62.805,62.901,1969178
VNM,2024-05-06,1714953600,63.093,63.668,62.805,63.093,2264163
VNM,2024-05-07,1715040000,63.284,65.682,63.189,65.202,8490375
VNM,2024-05-08,1715126400,65.202,65.202,64.339,65.106,2967447
VNM,2024-05-09,1715212800,65.106,65.106,63.86,63.86,3001858
VNM,2024-05-10,1715299200,63.956,64.723,63.38,63.764,2422429
VNM,2024-05-13,1715558400,63.86,64.051,62.709,63.093,2737626
VNM,2024-05-14,1715644800,63.189,64.243,63.189,63.764,2435304
VNM,2024-05-15,1715731200,64.147,64.531,63.956,64.243,3237247
VNM,2024-05-16,1715817600,64.339,64.914,64.243,64.435,2914420
VNM,2024-05-17,1715904000,64.531,65.01,64.051,64.243,4173675
VNM,2024-05-20,1716163200,64.339,64.819,63.668,63.668,4925028
VNM,2024-05-21,1716249600,63.668,63.86,63.093,63.476,3803505
VNM,2024-05-22,1716336000,63.668,63.956,63.093,63.093,3621204
VNM,2024-05-23,1716422400,63.284,64.243,63.093,64.243,2993637
VNM,2024-05-24,1716508800,63.956,64.147,62.997,63.284,4109865
VNM,2024-05-27,1716768000,63.38,63.86,63.093,63.38,2339390
VNM,2024-05-28,1716854400,63.572,64.531,63.38,64.051,5350287
VNM,2024-05-29,1716940800,64.243,64.531,63.284,63.572,3362126
VNM,2024-05-30,1717027200,63.38,63.476,62.805,62.997,4416677
VNM,2024-05-31,1717113600,63.189,63.189,62.613,62.709,4149784
VNM,2024-06-03,1717372800,63.093,63.86,62.997,63.38,3193327
VNM,2024-06-04,1717459200,63.38,63.86,63.284,63.284,2447656
VNM,2024-06-05,1717545600,63.476,66.353,63.476,65.682,11876432
VNM,2024-06-06,1717632000,66.161,66.161,64.435,64.435,4893549
VNM,2024-06-07,1717718400,64.819,65.777,64.723,65.01,4131178
VNM,2024-06-10,1717977600,65.586,65.682,64.435,64.435,4569222
VNM,2024-06-11,1718064000,64.627,64.723,63.668,63.764,6181560
VNM,2024-06-12,1718150400,63.764,64.531,63.572,64.243,3427814
VNM,2024-06-13,1718236800,64.243,64.627,64.051,64.147,2807130
VNM,2024-06-14,1718323200,64.243,64.531,63.476,63.476,4127632
VNM,2024-06-17,1718582400,63.572,63.86,63.284,63.284,3621867
VNM,2024-06-18,1718668800,63.764,63.764,63.189,63.189,2754686
VNM,2024-06-19,1718755200,63.284,63.284,62.421,62.613,6160999
VNM,2024-06-20,1718841600,62.709,64.051,62.517,63.284,4400155
VNM,2024-06-21,1718928000,63.764,64.339,63.284,63.284,3970969
VNM,2024-06-24,1719187200,63.38,63.86,62.613,62.805,3851919
VNM,2024-06-25,1719273600,63.093,63.476,62.805,62.805,2436399
VNM,2024-06-26,1719360000,63.093,63.093,62.421,62.517,2488180
VNM,2024-06-27,1719446400,62.517,62.901,62.421,62.613,2710114
VNM,2024-06-28,1719532800,62.805,63.284,62.613,62.805,2735071
VNM,2024-07-01,1719792000,63.093,63.284,62.613,63.284,1911478
VNM,2024-07-02,1719878400,63.284,63.572,63.093,63.476,2044987
VNM,2024-07-03,1719964800,63.476,63.572,63.284,63.476,1334249
VNM,2024-07-04,1720051200,63.572,64.147,63.572,63.668,2691198
VNM,2024-07-05,1720137600,63.668,64.723,63.668,64.435,4183952
VNM,2024-07-08,1720396800,64.531,64.914,64.243,64.819,4946406
VNM,2024-07-09,1720483200,64.819,65.01,64.435,64.723,5048980
VNM,2024-07-10,1720569600,64.723,65.01,64.051,64.051,3884733
VNM,2024-07-11,1720656000,64.147,64.243,63.572,63.572,3789635
VNM,2024-07-12,1720742400,63.668,63.86,63.38,63.572,2081812
VNM,2024-07-15,1721001600,63.572,64.147,63.476,63.476,2157757
VNM,2024-07-16,1721088000,63.668,63.956,63.38,63.38,2245463
VNM,2024-07-17,1721174400,63.476,63.764,62.901,62.997,3468308
VNM,2024-07-18,1721260800,63.284,63.284,62.805,63.189,2284658
VNM,2024-07-19,1721347200,63.189,63.189,62.421,62.613,3396038
VNM,2024-07-22,1721606400,62.613,63.284,62.517,62.709,2657788
VNM,2024-07-23,1721692800,62.901,63.572,62.805,63.189,3780379
VNM,2024-07-24,1721779200,63.093,63.38,62.901,62.901,3615591
VNM,2024-07-25,1721865600,62.901,62.997,62.613,62.901,1958885
VNM,2024-07-26,1721952000,62.709,63.476,62.709,63.093,2976837
VNM,2024-07-29,1722211200,63.476,64.819,63.189,64.435,5785374
VNM,2024-07-30,1722297600,64.531,65.586,64.147,64.914,6381582
VNM,2024-07-31,1722384000,65.682,69.038,65.682,68.654,21167413
VNM,2024-08-01,1722470400,68.846,68.942,67.216,67.408,8872145
VNM,2024-08-02,1722556800,67.12,68.942,67.12,68.558,10298482
VNM,2024-08-05,1722816000,68.079,68.27,65.682,66.545,12162219
VNM,2024-08-06,1722902400,67.408,70.284,67.12,69.709,13505235
VNM,2024-08-07,1722988800,70.188,70.764,69.421,70.764,10709270
VNM,2024-08-08,1723075200,70.859,71.339,69.229,69.709,5817168
VNM,2024-08-09,1723161600,69.805,70.38,69.517,70.284,4530433
VNM,2024-08-12,1723420800,70.284,71.339,69.805,69.996,5808119
VNM,2024-08-13,1723507200,69.805,71.339,69.709,70.764,6740336
VNM,2024-08-14,1723593600,70.955,71.051,70.284,70.955,5459112
VNM,2024-08-15,1723680000,70.955,71.531,70.668,70.764,4258433
VNM,2024-08-16,1723766400,70.955,71.051,70.188,70.764,7396631
VNM,2024-08-19,1724025600,70.955,72.873,70.764,72.873,7924678
VNM,2024-08-20,1724112000,72.873,73.065,72.202,72.489,4181936
VNM,2024-08-21,1724198400,72.106,72.969,72.01,72.202,3994706
VNM,2024-08-22,1724284800,72.873,72.873,70.572,71.147,6031982
VNM,2024-08-23,1724371200,71.818,72.489,71.339,71.818,3310515
VNM,2024-08-26,1724630400,71.818,71.914,70.284,70.38,6329637
VNM,2024-08-27,1724716800,70.38,70.764,69.613,70.476,4269971
VNM,2024-08-28,1724803200,70.572,70.955,70.188,70.859,3355013
VNM,2024-08-29,1724889600,70.668,70.955,70.38,70.476,2044649
VNM,2024-08-30,1724976000,70.572,71.722,70.38,70.859,3679027
VNM,2024-09-04,1725408000,70.284,71.435,70.092,71.243,2842048
VNM,2024-09-05,1725494400,71.243,72.298,71.051,71.626,5862150
VNM,2024-09-06,1725580800,71.818,72.394,71.722,72.298,3645061
VNM,2024-09-09,1725840000,72.01,72.01,71.147,71.722,2641519
VNM,2024-09-10,1725926400,71.722,72.394,71.243,71.818,3335353
VNM,2024-09-11,1726012800,71.722,72.01,70.859,71.531,3167882
VNM,2024-09-12,1726099200,71.914,72.106,71.339,71.626,2054428
VNM,2024-09-13,1726185600,71.722,71.722,69.901,69.901,5350666
VNM,2024-09-16,1726444800,69.996,69.996,68.942,68.942,4039871
VNM,2024-09-17,1726531200,69.038,70.38,68.75,70.38,2392584
VNM,2024-09-18,1726617600,70.572,70.859,69.996,70.284,2847879
VNM,2024-09-19,1726704000,70.284,70.476,69.996,70.284,1574276
VNM,2024-09-20,1726790400,70.476,70.955,69.709,69.709,5234412
VNM,2024-09-23,1727049600,70.092,70.188,69.613,69.901,2933886
VNM,2024-09-24,1727136000,70.446,70.446,69.553,69.751,2080216
VNM,2024-09-25,1727222400,69.751,69.85,69.057,69.057,4525095
VNM,2024-09-26,1727308800,69.057,70.545,69.057,70.148,3987434
VNM,2024-09-27,1727395200,70.247,70.644,70.148,70.446,2971446
VNM,2024-09-30,1727654400,70.446,70.446,69.553,69.553,2046753
VNM,2024-10-01,1727740800,69.652,70.148,69.553,69.553,2042595
VNM,2024-10-02,1727827200,69.652,69.652,69.057,69.553,2142472
VNM,2024-10-03,1727913600,69.652,69.95,69.354,69.751,2949988
VNM,2024-10-04,1728000000,69.95,69.95,67.866,67.965,6140641
VNM,2024-10-07,1728259200,68.164,68.759,66.576,66.576,5995180
VNM,2024-10-08,1728345600,66.675,67.668,66.675,67.668,2890240
VNM,2024-10-09,1728432000,67.767,68.064,67.271,67.271,3532506
VNM,2024-10-10,1728518400,67.767,68.263,67.171,67.171,2625177
VNM,2024-10-11,1728604800,67.568,67.668,66.973,67.171,2373079
VNM,2024-10-14,1728864000,67.568,67.568,66.576,66.675,2825429
VNM,2024-10-15,1728950400,66.675,66.874,66.179,66.278,3078240
VNM,2024-10-16,1729036800,66.278,67.568,66.278,66.973,2006161
VNM,2024-10-17,1729123200,67.072,67.37,66.775,67.072,1658879
VNM,2024-10-18,1729209600,67.072,67.469,66.874,66.874,1599576
VNM,2024-10-21,1729468800,66.874,67.37,66.675,66.775,1862336
VNM,2024-10-22,1729555200,66.775,67.271,66.675,66.775,2253327
VNM,2024-10-23,1729641600,66.775,67.072,66.675,66.775,1637360
VNM,2024-10-24,1729728000,66.775,68.461,66.775,67.866,4369950
VNM,2024-10-25,1729814400,68.064,68.064,67.37,67.469,2172351
VNM,2024-10-28,1730073600,67.171,67.469,66.179,66.675,2927947
VNM,2024-10-29,1730160000,66.775,66.775,66.278,66.477,2033574
VNM,2024-10-30,1730246400,66.477,66.775,65.782,65.782,3437020
VNM,2024-10-31,1730332800,66.08,66.08,64.79,65.584,5177693
VNM,2024-11-01,1730419200,65.584,65.782,65.088,65.286,2182658
VNM,2024-11-04,1730678400,65.385,66.08,65.088,65.088,2121224
VNM,2024-11-05,1730764800,65.187,65.485,64.989,64.989,1063141
VNM,2024-11-06,1730851200,65.485,65.485,64.79,65.286,2598835
VNM,2024-11-07,1730937600,65.485,65.683,65.088,65.385,1154788
VNM,2024-11-08,1731024000,65.485,65.683,65.088,65.187,1597360
VNM,2024-11-11,1731283200,65.187,65.286,64.195,64.691,2742114
VNM,2024-11-12,1731369600,64.691,65.187,64.294,64.393,1734699
VNM,2024-11-13,1731456000,64.592,65.088,64.195,64.493,2773315
VNM,2024-11-14,1731542400,64.493,64.493,64.195,64.493,1781237
VNM,2024-11-15,1731628800,64.393,64.393,63.203,63.203,3697005
VNM,2024-11-18,1731888000,63.203,63.699,62.707,62.707,3752034
VNM,2024-11-19,1731974400,62.806,63.004,62.508,62.508,2736295
VNM,2024-11-20,1732060800,62.508,63.302,62.409,63.103,2820172
VNM,2024-11-21,1732147200,63.203,63.6,62.905,63.401,2255565
VNM,2024-11-22,1732233600,63.401,64.294,63.401,63.798,2179029
VNM,2024-11-25,1732492800,63.798,64.096,63.699,63.798,2450009
VNM,2024-11-26,1732579200,63.996,64.493,63.897,64.294,1678113
VNM,2024-11-27,1732665600,64.294,64.493,63.996,64.096,1588583
VNM,2024-11-28,1732752000,64.493,64.493,63.996,63.996,1275083
VNM,2024-11-29,1732838400,63.996,64.294,63.798,64.096,1107140
VNM,2024-12-02,1733097600,64.096,64.294,63.699,63.996,1232443
VNM,2024-12-03,1733184000,64.096,64.096,63.401,63.401,2427726
VNM,2024-12-04,1733270400,63.302,63.401,62.806,62.806,2749303
VNM,2024-12-05,1733356800,63.004,64.195,62.707,63.798,2221363
VNM,2024-12-06,1733443200,63.996,64.294,63.6,63.6,1681167
VNM,2024-12-09,1733702400,63.996,63.996,63.5,63.6,1764954
VNM,2024-12-10,1733788800,63.6,63.897,63.401,63.401,1714418
VNM,2024-12-11,1733875200,63.401,64.096,63.401,63.699,2027577
VNM,2024-12-12,1733961600,63.699,64.393,63.699,64.096,2252448
VNM,2024-12-13,1734048000,63.798,63.996,63.6,63.699,1399402
VNM,2024-12-16,1734307200,63.699,64.691,63.699,64.493,2389158
VNM,2024-12-17,1734393600,64.393,64.493,63.996,64.096,1206503
VNM,2024-12-18,1734480000,64.493,64.592,64.195,64.195,1616812
VNM,2024-12-19,1734566400,63.897,63.996,63.401,63.401,2629962
VNM,2024-12-20,1734652800,63.5,64.493,63.5,64.493,3801451
VNM,2024-12-23,1734912000,64.195,64.493,63.798,63.897,1350461
VNM,2024-12-24,1734998400,63.897,64.195,63.6,63.798,1290269
VNM,2024-12-25,1735084800,63.897,64.393,63.897,63.897,1304582
VNM,2024-12-26,1735171200,64.2,64.2,63.8,63.8,1711855
VNM,2024-12-27,1735257600,63.9,64.1,63.7,63.8,2445187
VNM,2024-12-30,1735516800,63.6,63.7,63.3,63.3,1492983
VNM,2024-12-31,1735603200,63.4,63.8,63.3,63.4,1643941
VNM,2025-01-02,1735776000,63.6,63.8,63.1,63.1,1339894
VNM,2025-01-03,1735862400,63.2,63.3,62.9,63.0,1779619
VNM,2025-01-06,1736121600,63.0,63.2,62.5,62.5,2108984
VNM,2025-01-07,1736208000,62.6,63.0,61.6,61.7,2811099
VNM,2025-01-08,1736294400,62.0,62.1,61.2,61.7,2057556
VNM,2025-01-09,1736380800,61.8,61.9,61.3,61.8,1504291
VNM,2025-01-10,1736467200,61.7,61.9,61.3,61.3,1192540
VNM,2025-01-13,1736726400,61.2,61.9,61.1,61.4,1104262
VNM,2025-01-14,1736812800,61.4,61.8,61.3,61.6,1149837
VNM,2025-01-15,1736899200,62.1,62.3,61.7,61.7,1219841
VNM,2025-01-16,1736985600,62.3,62.6,61.7,61.9,1687939
VNM,2025-01-17,1737072000,62.2,62.2,62.0,62.0,890720
VNM,2025-01-20,1737331200,62.0,62.2,61.6,61.9,1638012
VNM,2025-01-21,1737417600,62.0,62.1,61.6,61.8,1405722
VNM,2025-01-22,1737504000,62.0,62.0,61.6,61.6,1762572
VNM,2025-01-23,1737590400,61.6,62.3,61.6,62.0,1783676
VNM,2025-01-24,1737676800,61.9,62.5,61.8,62.2,1578694
VNM,2025-02-03,1738540800,62.2,62.2,60.5,60.5,7286722
VNM,2025-02-04,1738627200,60.6,60.9,60.0,60.2,7132840
VNM,2025-02-05,1738713600,60.4,61.5,60.4,61.5,3204519
VNM,2025-02-06,1738800000,61.5,61.6,60.5,60.7,3033470
VNM,2025-02-07,1738886400,60.7,61.2,60.6,60.8,2555237
VNM,2025-02-10,1739145600,61.2,61.2,60.6,60.6,2597063
VNM,2025-02-11,1739232000,60.6,60.7,60.1,60.4,3438061
VNM,2025-02-12,1739318400,60.6,61.0,60.5,61.0,2759083
VNM,2025-02-13,1739404800,61.0,61.0,60.4,60.7,2579334
VNM,2025-02-14,1739491200,60.7,60.7,60.3,60.3,6406440
VNM,2025-02-17,1739750400,60.4,60.6,60.0,60.0,3616591
VNM,2025-02-18,1739836800,60.4,60.5,60.0,60.3,2442358
VNM,2025-02-19,1739923200,60.3,60.9,60.3,60.8,3075728
VNM,2025-02-20,1740009600,60.9,60.9,60.6,60.7,2632849
VNM,2025-02-21,1740096000,60.8,62.1,60.6,61.4,4723060
VNM,2025-02-24,1740355200,61.6,63.9,61.6,63.8,11520294
VNM,2025-02-25,1740441600,64.0,64.0,62.6,62.9,3891802
VNM,2025-02-26,1740528000,63.0,63.4,62.9,63.1,3636600
VNM,2025-02-27,1740614400,63.2,63.2,62.2,62.2,3525626
VNM,2025-02-28,1740700800,62.3,63.2,62.2,62.2,4180628
VNM,2025-03-03,1740960000,62.8,63.2,62.3,63.2,3614305
VNM,2025-03-04,1741046400,63.2,63.8,62.9,63.5,6046776
VNM,2025-03-05,1741132800,63.6,63.6,62.7,62.7,2281264
VNM,2025-03-06,1741219200,62.7,62.9,62.2,62.9,3125600
VNM,2025-03-07,1741305600,62.9,63.0,62.4,62.7,2659929
VNM,2025-03-10,1741564800,63.0,63.0,62.5,62.5,2533190
VNM,2025-03-11,1741651200,62.3,62.5,62.1,62.4,2290854
VNM,2025-03-12,1741737600,62.5,62.8,62.2,62.2,2761535
VNM,2025-03-13,1741824000,62.3,62.9,61.9,62.0,5106563
VNM,2025-03-14,1741910400,62.4,62.7,62.1,62.1,2696700
VNM,2025-03-17,1742169600,62.4,63.4,62.4,63.0,4062100
VNM,2025-03-18,1742256000,63.1,63.1,62.5,62.5,3285983
VNM,2025-03-19,1742342400,62.7,62.8,61.9,62.3,3042976
VNM,2025-03-20,1742428800,62.2,62.2,61.3,61.8,3895453
VNM,2025-03-21,1742515200,61.8,61.8,61.2,61.3,3331858
VNM,2025-03-24,1742774400,61.4,62.0,61.1,61.4,2493893
VNM,2025-03-25,1742860800,61.7,61.7,61.2,61.4,2327043
VNM,2025-03-26,1742947200,61.5,61.9,61.2,61.2,1849811
VNM,2025-03-27,1743033600,61.2,61.5,61.1,61.1,2233560
VNM,2025-03-28,1743120000,61.0,61.1,60.2,60.3,5443940
VNM,2025-03-31,1743379200,60.8,61.6,60.6,60.6,5308209
VNM,2025-04-01,1743465600,61.2,61.2,60.3,60.8,3137933
VNM,2025-04-02,1743552000,60.7,61.4,60.5,60.5,4687947
VNM,2025-04-03,1743638400,59.5,59.6,56.3,56.5,16961756
VNM,2025-04-04,1743724800,54.0,58.8,53.8,58.5,9790843
VNM,2025-04-08,1744070400,56.7,56.9,54.5,54.5,13324100
